50
482 257 952 987 758 465
81 21 696 722 544 41
313 243 681 737 785 188
406 93 572 723 723 595
445 27 813 736 729 348
99 739 501 952 601 531
137 437 143 520 392 29
241 65 760 839 927 369
31 59 166 992 579 364
122 290 1000 365 703 260
307 237 582 656 451 88
180 511 369 810 404 158
21 820 198 844 534 10
190 568 644 963 882 502
437 366 853 971 791 365
607 757 719 887 923 333
340 407 411 925 703 566
236 680 399 976 669 421
722 218 988 482 812 71
355 543 847 591 662 119
232 240 916 464 838 73
75 454 709 464 892 112
308 20 442 302 854 35
323 872 773 897 896 355
208 156 913 907 854 825
392 657 674 902 764 81
26 496 150 695 538 254
145 166 754 795 762 558
63 137 401 519 776 231
335 776 842 903 736 79
34 393 483 813 736 731
296 577 662 794 726 167
151 499 157 673 695 561
293 233 532 967 653 847
343 16 848 709 596 238
142 133 227 911 688 606
253 193 680 781 838 260
523 590 937 791 859 335
25 469 642 889 743 295
47 75 965 921 103 260
16 386 835 824 73 463
55 412 961 992 461 951
36 107 966 964 832 139
367 778 626 861 382 77
234 323 375 951 918 47
174 388 337 965 329 946
0 22 771 506 896 219
148 150 414 458 618 344
594 507 843 657 720 276
183 146 719 484 397 162