100
1
47
1258
2506
6564
6635
9647
10284
10385
12678
13664
15881
17190
17459
19039
20936
22119
23429
24106
24496
25448
26724
28041
28061
29516
31461
31631
32395
32421
33775
34675
36352
37775
38759
39664
40535
41706
42225
42586
42763
46320
46401
47118
47778
48723
49545
50484
51842
53687
55446
55709
55780
56523
56574
57220
58586
58908
60677
61194
61926
61962
62242
62369
63769
65116
66445
67351
69311
70176
70390
70687
70959
72640
74514
74940
79779
80310
80710
80839
82383
82732
83682
84044
85325
86230
86663
86843
89227
89948
92145
92957
93473
94371
95596
96333
97043
98003
98482
99974
100000
