1698978606
984130093
1601193768
1144856060
1442887218
1301509043
1538561662
156545264
34893116
1104252427
323746640
852155117
118650948
1412362195
1833036276
356369000
1052951484
735043626
1063805700
972401858
1397070675
654126530
216974834
1542201252
619696498
138514000
1152146431
1707249273
1884423009
1722341500
352547894
1435917967
558987945
1953741662
433290379
2001875163
1107767058
1971852041
10936780
1142660174
928620820
334683420
1994815291
1047271768
1747045615
1680367919
1403640768
652513451
267927897
319962821
1624915309
1664998572
974089351
1841890143
1059716176
1593785849
1980404144
64378959
1153551474
1717343505
1786720459
1506099368
1005777824
198224756
1312357383
1439068203
52616272
272640793
1263436597
63553052
1415300967
44573769
398236472
1262632610
1091845538
2145282088
795516881
348002658
650311891
1063444778
667965479
127743553
580959702
1642054830
1969633696
1640675878
1088357032
1802554192
1705054837
94424858
1372414049
1344291648
1600524227
230708225
1542516404
765397962
1669776429
1595132676
1038038755
785729378
1658685728
305856074
830303147
2056922201
1568488684
1922148685
2054720641
216521917
122667696
557548884
1279966695
790633175
685292437
1860926397
285204358
507442486
1354118627
1373561390
162513030
911689816
1467986248
1534927080
108497816
921026827
1765635305
1651014220
1686424789
1287928086
1098663249
576979896
2073657464
609865329
882835970
756476964
519303882
303841006
531142001
426540875
520362923
653809697
984089760
1800329618
1444442873
1669382197
1513772367
1729647231
29341035
720407346
955724973
191854066
1632097162
276227573
1726781146
1740594978
1197254401
1344932803
1244125551
736195542
485377242
195305152
1313175439
411551058
805170481
48527761
1168028022
1324474364
352368768
1699170024
1751015239
872731691
205496073
587621351
525577662
1649938946
109519901
2039350029
1232102529
138860936
612273728
40343854
330715002
96887242
316571428
2057496148
1837482221
1513825829
1254945304
934124124
102537723
1740322546
1129429276
1415713162
4389956
1934599757
1464240924
1172417979
1111590473
1816609692
724104355
715122065
9999999999999999999999999999999999999999999999999999999999999999999999999999999999999999999999999999999999999999999999999999999999999999999999999999999999999999999999999999999999999999999999999999999999999999999999999999999999999999999999999999999999
0