100
17 4
5 9 6 7
17 8
7 3 16 10 8 9 13 6
5 5
4 2 1 3 2
18 32
3 7 6 1 9 5 18 12 14 16 3 4 16 10 11 7 17 12 18 18 11 8 3 5 13 15 6 1 2 4 3 13
19 7
2 19 17 10 7 15 13
1 2
1 1
14 26
3 13 2 8 12 7 6 5 14 2 1 8 13 11 3 9 4 10 14 11 2 9 8 1 3 4
16 12
9 14 16 6 1 7 11 11 16 13 3 14
8 15
7 2 6 1 8 5 4 4 7 5 2 1 8 4 3
3 1
2
13 16
2 7 4 8 2 10 6 12 11 3 9 13 1 5 7 13
13 11
6 3 11 4 10 12 13 6 7 1 8
12 14
2 9 3 10 5 1 12 10 4 11 6 9 3 2
10 7
8 4 5 4 8 9 7
17 9
8 9 3 14 1 12 15 10 17
1 2
1 1
20 36
7 9 3 5 19 10 7 17 15 3 2 12 16 9 14 8 20 11 18 1 13 6 5 4 1 14 3 16 5 11 18 8 15 9 7 17
15 3
8 6 5
16 4
8 14 7 1
18 12
17 7 8 1 10 3 18 11 14 16 2 6
12 1
8
14 20
12 6 13 11 8 9 3 4 5 2 14 7 1 10 12 5 8 10 6 4
11 13
11 2 6 8 1 10 9 7 2 6 10 11 9
18 14
9 1 18 2 5 11 8 6 14 13 14 18 17 2
16 22
15 3 14 8 7 9 2 1 6 11 4 4 6 10 15 7 13 12 16 14 9 5
4 6
2 4 3 1 1 2
16 28
4 9 6 1 7 14 2 5 4 15 3 10 11 14 12 7 13 1 8 16 9 5 6 2 13 6 3 5
8 14
5 8 3 6 1 4 7 2 1 7 4 3 2 6
12 15
4 5 10 12 1 9 10 2 8 4 11 6 7 5 3
20 32
13 9 7 18 12 19 8 10 4 11 16 17 15 1 14 2 6 20 19 12 7 14 17 2 11 3 10 18 5 13 1 6
9 3
4 1 9
2 2
1 2
5 9
3 1 2 5 1 5 2 3 4
20 27
17 1 3 2 20 5 7 14 15 7 13 8 2 4 1 18 11 5 16 12 10 20 9 6 3 19 17
6 12
2 5 1 4 3 6 3 5 4 1 2 6
4 2
3 3
4 7
4 1 2 3 1 4 2
3 2
1 3
19 3
4 15 8
5 7
5 3 1 1 2 4 3
16 1
8
5 10
5 4 2 1 4 5 3 2 5 4
6 1
6
14 6
7 8 5 10 2 13
9 7
7 1 4 2 3 8 6
9 12
5 1 7 1 3 4 5 2 6 9 8 5
15 25
14 12 9 10 6 11 8 2 5 14 3 15 4 10 9 1 13 7 12 7 9 12 5 4 11
9 8
6 8 5 2 9 7 4 3
2 2
1 2
18 12
10 9 18 5 16 2 4 11 8 17 14 6
6 7
5 2 1 3 4 5 1
19 3
12 12 13
12 4
1 4 7 6
14 9
2 7 11 14 3 13 10 12 9
6 11
5 6 4 3 5 1 2 4 6 5 2
7 8
4 3 2 7 1 2 7 5
7 7
4 6 1 7 3 5 2
2 1
2
3 1
2
20 31
15 7 3 6 10 5 16 11 17 2 19 20 9 12 14 18 13 4 8 1 8 3 14 2 11 6 10 18 5 13 16
11 21
8 6 11 5 1 5 10 2 6 11 3 8 7 4 1 9 7 1 9 5 4
12 7
3 10 9 6 3 11 2
13 19
4 11 1 2 6 13 12 10 5 1 5 8 6 9 2 13 4 3 12
12 18
6 12 10 8 4 7 1 3 9 2 10 6 1 8 7 12 11 4
12 3
4 8 10
11 8
10 11 4 8 2 9 1 10
12 4
12 11 10 5
16 22
9 15 10 4 13 15 10 12 14 11 5 6 1 3 9 2 7 16 8 4 10 9
12 22
11 5 4 8 11 10 2 12 9 7 2 4 10 11 1 12 8 8 10 7 11 12
8 2
5 8
6 7
6 4 2 1 4 5 3
15 29
1 8 15 10 3 12 5 14 2 1 4 13 9 11 6 7 5 7 9 6 15 2 10 4 1 12 11 8 13
13 13
1 12 9 6 13 11 4 10 8 7 4 11 9
9 15
2 4 8 5 3 9 8 5 6 9 1 4 7 3 2
8 3
2 6 4
3 1
2
6 5
4 5 5 4 6
17 13
7 1 10 11 5 15 16 15 16 1 11 8 5
15 14
2 14 11 12 5 1 3 10 8 4 7 1 15 2
14 21
14 2 3 6 2 9 4 5 12 10 14 8 6 7 3 11 13 1 12 10 9
20 39
12 1 17 10 9 15 18 17 5 14 7 19 4 15 13 20 3 1 6 11 10 8 12 2 16 9 18 6 20 1 10 19 17 4 11 7 2 3 18
5 2
1 3
19 22
2 18 13 4 10 3 12 17 5 11 6 1 15 9 14 19 8 12 3 1 11 7
1 1
1
16 3
2 11 13
1 1
1
4 1
3
19 20
19 1 15 18 8 4 14 12 13 7 9 5 2 16 17 6 10 11 3 2
2 1
2
18 1
3
20 38
8 13 5 6 16 18 2 7 19 4 20 14 10 9 11 17 12 15 2 1 9 17 5 3 18 13 16 12 11 6 20 15 8 10 19 7 4 14
17 32
12 13 7 14 10 12 15 2 9 1 11 7 8 6 3 16 4 5 13 17 14 8 14 12 7 6 2 1 10 9 13 11
5 8
1 5 2 5 3 4 1 2
6 4
2 5 1 3
15 18
9 1 7 10 9 5 15 1 8 10 11 14 13 6 12 4 7 2
5 10
4 5 2 4 1 5 3 2 3 2
19 7
3 9 6 13 10 17 16
19 26
13 15 5 10 11 4 12 1 9 18 14 18 4 19 8 11 14 2 1 13 3 17 6 16 9 12
6 3
2 3 5
1 1
1
