128

23
-10 5
37 51
-18 -13
-2 17
47 57
1 7
15 27
10 23
40 58
22 39
-19 -18
25 34
-20 5
35 58
-5 5
-16 0
-11 -2
0 0

37
57 63
15 26
67 69
31 39
39 63
56 81
-9 2
7 29
-11 11
47 51
-20 1
19 26
50 54
14 33
0 0

13
-1 14
-20 0
17 32
29 41
20 27
-5 10
3 17
-16 3
47 62
6 15
-14 3
-19 6
0 0

14
-19 -11
-14 11
0 0

33
34 59
-16 -14
1 4
30 52
46 66
3 14
46 52
15 31
38 55
46 49
14 17
69 85
16 37
54 66
-7 0
-15 5
37 39
-14 -13
0 0

53
51 52
51 68
-18 -8
63 71
51 69
28 43
12 17
1 9
30 47
0 0

14
52 58
32 39
1 2
-13 -8
14 23
-5 0
-4 21
55 60
-6 13
-3 17
-16 0
-4 15
-17 4
48 67
-15 -10
-16 -3
-16 -1
26 33
-11 -8
0 0

32
14 17
51 66
-16 -10
-13 -6
4 6
57 65
32 46
13 36
41 47
21 33
-2 2
10 18
-5 18
18 25
-15 8
46 67
-3 6
0 0

12
66 77
2 11
41 46
2 24
3 8
50 57
25 31
28 46
4 24
0 0

55
28 30
0 0

59
69 78
11 23
39 63
24 46
36 58
36 61
18 28
44 47
0 0

46
16 34
-17 -15
0 0

38
-4 -2
40 41
47 68
-3 13
65 70
14 18
0 0

4
14 34
-20 1
13 18
-7 -4
15 19
61 67
65 81
0 3
-19 4
3 17
-19 -18
41 42
6 20
58 59
16 27
0 0

48
35 52
20 45
-16 -14
0 0

27
8 30
-15 7
8 9
-19 6
8 24
0 0

20
20 35
37 60
44 54
27 40
41 50
22 39
-12 3
-3 0
59 65
60 80
-7 18
11 18
-15 7
54 67
-6 -4
68 77
48 54
0 0

51
15 17
62 75
-11 14
35 54
-16 -5
0 0

34
9 19
28 36
-10 5
28 34
59 64
-6 8
-6 17
-13 6
13 18
-17 2
-13 -10
21 39
0 0

51
19 32
26 30
5 17
-6 19
52 57
51 56
66 91
48 69
0 24
-5 14
22 37
44 59
44 45
13 20
-15 7
53 71
53 59
0 0

13
2 19
-15 10
39 53
27 46
53 68
29 51
22 31
0 0

32
55 78
0 0

60
36 44
11 18
60 65
21 35
45 58
46 65
-13 3
22 33
53 59
10 17
41 48
35 41
-7 9
30 47
58 69
36 52
0 0

5
-4 8
-3 7
-4 -3
62 64
-9 -6
18 40
17 32
46 61
-20 -19
0 14
45 46
-17 -16
16 36
0 0

32
8 14
-4 7
26 27
-13 -6
62 67
0 0

50
16 25
-11 -9
-20 2
-20 -6
1 8
5 26
13 17
-7 4
-19 -17
27 42
0 0

51
13 37
-20 -13
-13 -7
0 0

24
1 9
50 52
32 43
55 59
35 60
28 45
32 57
40 41
3 18
-3 18
34 35
52 70
-4 7
5 28
54 58
20 36
7 20
3 25
0 0

25
-5 -2
20 33
54 67
0 0

42
-20 -1
-8 13
15 28
-19 3
46 59
57 58
-1 1
18 38
18 33
-8 4
38 61
65 85
11 16
-8 -2
-13 11
0 0

58
3 15
-16 -13
-13 -7
-1 9
49 57
-5 12
0 0

47
60 66
0 1
18 35
23 45
31 52
-18 -10
37 57
21 46
15 17
-1 16
25 27
21 31
3 9
-13 -7
51 57
0 0

27
34 41
59 80
-16 -14
0 0

44
50 51
49 57
5 6
-11 10
-20 -10
51 55
21 22
11 24
7 32
-18 6
10 25
41 56
11 23
-1 2
-11 -2
37 42
3 28
30 43
51 53
61 66
0 0

14
-9 4
0 14
-18 6
22 38
0 0

48
38 51
21 35
-14 7
-2 23
-4 8
30 41
56 61
-2 0
-14 3
24 43
22 36
59 66
0 0

30
12 28
65 89
0 0

28
-6 4
41 42
20 26
32 37
35 55
-7 6
35 45
0 0

45
-15 -7
22 40
50 67
-12 2
8 14
54 56
0 0

19
13 19
33 45
40 63
15 28
45 57
-4 0
45 54
59 61
55 78
37 51
0 0

59
56 74
-19 -11
0 0

6
51 61
45 56
46 69
-16 -2
19 31
-14 7
63 79
32 51
27 38
14 34
48 66
1 24
45 53
-4 14
5 7
36 56
26 37
10 14
-18 4
37 55
0 0

49
27 48
10 23
6 11
-6 -5
8 22
50 56
-15 2
29 40
31 38
-3 2
-18 -2
14 37
0 0

24
-17 -13
67 80
-13 -8
-14 -1
4 12
31 45
29 36
50 59
-20 -19
0 0

46
-2 -1
34 36
0 0

22
47 53
-18 -13
0 0

28
17 32
20 40
0 6
-14 7
5 8
31 45
44 56
23 39
-5 1
34 46
47 48
-17 -16
0 0

22
-16 3
0 0

7
-20 -16
42 53
33 54
47 53
-12 8
-17 -13
-11 -4
-20 -9
3 26
32 47
0 0

33
31 42
46 57
34 53
67 88
-15 3
57 61
-13 6
0 0

2
48 53
57 64
3 7
39 41
50 60
41 63
27 50
5 7
64 72
48 57
24 40
28 49
-4 6
0 0

16
-14 1
53 61
61 80
-10 6
1 18
25 50
17 29
-10 7
10 27
-15 -11
-17 -13
0 0

43
8 20
19 24
23 40
35 39
21 36
-17 -2
-18 -11
-12 4
40 43
-13 3
-17 -14
24 45
29 50
33 45
53 67
32 50
49 59
-17 8
45 57
0 0

49
18 35
-3 21
24 42
22 33
-4 18
68 86
52 65
1 8
0 4
-16 -9
0 0

50
4 8
46 60
32 39
-6 13
-6 12
40 46
67 83
31 47
35 58
35 55
-8 -7
-19 -11
2 25
-3 3
68 69
-8 1
52 61
0 0

41
56 57
-6 18
12 33
0 0

27
54 67
38 45
55 66
0 0

9
-7 4
38 40
-16 8
17 36
36 55
-1 21
36 51
31 47
66 68
0 0

55
4 23
-19 -3
20 41
-3 14
58 64
2 4
29 44
42 48
38 43
-12 -5
14 17
33 36
62 71
-10 9
39 64
22 23
30 48
0 0

46
51 57
7 21
29 52
12 34
27 41
39 62
-19 0
3 4
21 31
5 11
-8 -5
22 25
13 35
-2 21
52 66
23 38
32 36
-10 11
-11 -1
0 0

17
-3 9
42 56
44 45
-12 0
-16 6
29 41
59 66
13 33
27 48
12 24
0 0

17
34 48
14 23
-20 2
37 45
-9 4
4 21
-9 9
4 12
10 29
3 16
30 50
5 21
25 38
67 71
32 34
-4 -1
32 50
0 0

41
-17 -11
39 48
-4 3
44 56
37 60
26 32
35 42
-16 0
30 47
55 67
-5 6
18 22
28 32
26 40
8 24
0 0

38
14 24
-10 4
21 29
0 0

36
1 12
54 63
10 30
18 28
10 28
0 0

20
-19 -17
46 64
-5 18
-16 9
3 16
0 0

37
39 52
12 13
12 21
-19 -8
26 37
-3 0
63 64
-18 -2
27 28
26 46
45 49
48 62
-16 -9
16 20
21 27
40 61
-11 1
11 12
40 58
63 67
0 0

7
63 68
-16 9
37 50
33 58
33 34
11 35
50 58
-4 15
8 24
49 59
0 0

55
29 36
61 68
-20 -12
56 78
-17 -13
20 43
39 61
9 23
10 23
0 0

35
49 57
-18 -11
4 20
50 63
0 24
0 0

58
21 42
-12 6
-13 -10
18 31
28 50
35 51
22 23
-12 3
26 33
5 13
30 55
11 32
27 51
65 67
17 31
50 60
0 0

4
-20 -10
35 52
58 62
15 37
40 53
38 55
-15 -11
-1 1
10 33
23 42
-13 -10
22 30
45 55
13 24
46 64
-18 -9
0 0

5
6 19
48 65
25 43
-3 0
31 36
-11 -10
16 26
27 41
36 53
3 22
29 36
11 28
56 59
26 47
40 65
-16 7
15 18
60 69
0 0

18
35 51
0 0

32
0 17
4 10
-10 15
46 48
26 39
23 47
19 21
10 17
18 37
9 16
-18 -15
35 48
11 33
5 16
60 83
-18 -5
-11 10
46 55
0 0

4
-3 9
58 63
45 50
0 0

26
-1 16
4 5
-6 9
3 5
12 28
4 20
37 49
41 63
44 46
47 66
27 40
-18 -8
50 55
22 39
27 30
62 75
0 0

40
58 76
-18 -11
29 49
-11 0
16 28
62 66
31 42
45 48
55 76
22 34
0 0

35
23 47
20 39
-10 -8
-8 14
37 53
64 79
67 76
60 65
-17 -3
24 39
-2 2
0 0

1
-10 -2
-4 2
30 47
3 6
10 25
18 39
-5 9
42 65
0 0

7
4 22
-19 -9
28 48
58 65
-6 -2
38 60
61 77
-17 -5
-19 2
0 0

21
-11 7
-7 2
56 64
14 23
11 24
27 32
53 65
18 43
34 44
-13 9
37 45
0 21
-1 16
47 53
6 15
0 0

4
52 57
53 67
41 56
13 31
53 59
22 47
55 57
51 69
-10 1
-11 -7
40 61
-8 5
-15 -11
-13 -9
18 39
33 53
-16 -11
10 28
26 48
0 0

36
6 31
33 58
35 43
7 12
14 16
-6 18
66 73
-20 -2
51 67
9 34
7 31
54 58
6 7
-6 1
-10 4
8 29
35 38
43 52
0 0

47
61 86
22 42
-8 6
-17 6
0 13
-5 10
-14 5
41 60
-8 11
27 43
30 33
43 50
0 0

36
-14 7
16 28
15 27
0 0

40
26 44
13 19
31 44
45 53
41 53
26 31
13 26
28 47
-17 -10
19 30
30 54
56 60
27 40
-10 15
55 58
0 7
10 33
0 0

12
32 37
33 51
34 35
-5 11
11 19
37 46
14 26
64 68
-6 2
-17 -6
25 48
-13 -10
-15 -3
-15 2
69 87
-18 -7
23 34
0 0

12
-16 -14
28 48
17 22
-19 -16
-14 6
-15 -10
-1 4
19 25
-13 -10
24 29
38 43
-17 -14
0 0

47
32 34
-1 14
-20 -17
14 37
17 25
51 55
1 16
-3 11
-20 -13
-11 -6
14 22
0 0

24
-7 -1
13 35
-2 2
20 38
-16 0
46 58
40 54
0 0

19
34 50
-6 0
62 63
-12 -3
17 23
39 57
0 0

26
-4 13
-14 -7
9 10
11 23
52 62
31 53
0 6
-19 4
42 51
17 22
45 63
53 66
0 0

46
28 38
22 38
-15 1
59 79
-13 2
3 13
-19 1
-6 16
52 62
35 45
36 43
0 0

33
22 34
-18 -14
32 43
54 64
61 69
36 45
66 80
0 21
49 56
43 60
-5 20
44 65
0 0

4
38 42
-9 12
40 56
-10 -3
24 28
49 60
39 51
14 35
-13 12
0 0

51
30 53
10 23
57 66
35 36
8 25
12 35
24 30
14 28
-8 -3
40 50
46 64
0 0

13
17 40
-4 20
35 52
-4 14
-17 0
-17 -16
26 28
22 41
40 51
-12 -4
0 0

26
21 46
4 11
43 63
9 15
46 60
21 39
18 20
11 32
58 65
-3 12
34 36
57 65
-6 11
59 68
-10 1
2 21
10 23
49 66
0 0

44
-20 -19
42 47
-13 6
0 0

49
18 37
47 59
2 10
2 27
47 51
-5 2
-14 -11
43 56
24 36
40 55
0 0

15
69 85
-8 14
1 6
34 48
0 0

36
32 55
-9 13
8 14
21 31
11 27
-7 -5
0 25
-17 -2
0 0

13
47 62
-9 0
12 32
59 69
8 32
36 55
31 44
49 57
-19 6
24 45
32 51
43 52
18 25
19 31
48 62
-1 9
50 55
1 24
0 0

1
-11 11
-12 1
-6 13
-15 1
46 61
-17 -16
8 13
19 38
8 31
14 35
58 68
-14 0
0 8
3 14
57 64
0 0

33
2 10
-3 -2
46 52
24 32
33 53
50 66
64 74
8 30
30 32
12 29
45 50
0 21
49 51
0 0

5
-15 3
38 43
50 51
-19 -8
-1 9
3 21
5 15
4 26
-2 8
29 37
42 62
26 41
-10 6
35 54
24 29
-16 3
0 0

34
-1 16
-13 3
12 13
0 0

32
31 43
55 56
48 66
39 63
-16 -2
-11 12
64 80
57 69
53 63
39 41
47 49
64 80
0 14
9 18
0 0

44
-15 -13
21 46
10 30
0 0

38
9 34
-17 -15
39 53
52 62
25 28
-7 1
-7 1
27 46
21 44
45 65
34 35
17 34
49 61
9 28
54 65
65 68
0 0

46
-10 0
9 34
-14 -10
30 50
14 39
-4 21
0 0

24
-19 -17
-7 1
-8 2
17 19
69 94
-11 -7
10 25
55 61
48 51
-19 -15
-2 3
33 42
41 45
-5 7
-14 -3
-7 12
0 18
0 0

7
-6 1
-9 9
32 33
26 51
15 19
-13 11
39 48
-13 2
-8 8
38 41
21 38
17 34
-10 12
65 72
0 0

8
52 74
-19 -15
28 45
-12 13
54 60
7 11
42 62
51 65
54 60
53 55
-7 8
3 18
-1 14
0 0

2
66 69
54 59
60 78
39 53
-18 -7
-13 -12
17 24
14 32
3 5
56 69
23 42
-5 12
-19 -16
45 56
0 0

41
0 16
69 84
-2 13
34 55
10 28
-9 0
47 49
0 3
28 49
-7 10
6 8
1 25
37 55
-16 4
-4 14
31 55
-12 -8
-7 14
0 0

25
-3 15
-3 5
14 23
0 4
28 41
34 46
41 61
23 25
-12 12
7 15
8 27
-17 -1
33 52
-14 0
11 20
61 64
56 81
23 48
0 0

59
-13 3
20 25
-6 -3
42 56
45 49
4 22
0 0

15
17 21
1 13
3 15
9 33
23 32
-19 -16
49 57
-8 7
1 11
-16 2
59 71
-19 -5
12 16
24 49
16 32
-18 -12
47 58
32 51
0 0

32
-18 -1
-1 0
-20 0
15 18
-18 2
2 27
55 64
46 49
8 26
5 24
57 72
0 0

18
36 50
5 30
53 63
-9 2
-7 11
-12 -4
6 27
13 31
44 67
57 77
-20 -18
45 59
0 0

21
61 62
49 62
23 25
56 68
46 54
-5 19
0 0

51
4 7
32 55
0 0

60
0 24
-14 -8
13 22
36 59
-16 -3
-4 6
31 55
65 66
5 19
68 69
52 57
16 18
55 65
-10 15
28 42
0 0

59
15 16
11 24
10 31
44 59
-20 -14
2 7
-5 13
-7 8
25 40
0 0

54
13 38
-19 -17
-12 7
31 39
49 66
16 17
27 44
9 21
33 34
19 32
26 47
38 52
-16 -15
50 65
-15 -12
-7 1
0 0

1
8 13
17 19
-7 17
5 7
24 47
27 51
-1 24
48 67
-14 9
12 27
9 17
0 24
0 0
