1
30 30
000000000000000000000000000000
000000000000011111110000000000
000000000000110000011000000000
000000000001100000001100000000
000000000011000000000110000000
000000000110000000000011000000
000000011111110000000001000000
000001110100011100000001000000
000011000100000110000000000000
000110000100000011000001000000
001100000100000001100001000000
001000000110000000100011000000
011000000011000000110110000000
010000000001100000011100000000
010000000000110000011000000000
010000000000011111110000000000
010000000000000000010000000000
010000000000000000010000000000
011000000000000000110000000000
001000000000000000100000000000
001000000000000001100000000000
000110000000000011000000000000
000011000000000110000000000000
000001110000011100000000000000
000000011111110000000000000000
000000000000000000000000000000
000000000000000000000000000000
000000000000000000000000000000
000000000000000000000000000000
000000000000000000000000000000