666
3 2 3
29 84054665 328337006
14 1791 13465
3 5 5
19 18204 229793
13 875 2877
16 39357 56537
25 17609783 23612636
19 115510 357519
15 3758 3961
10 506 1007
18 69088 92640
10 199 249
15 8075 20422
14 3446 11163
23 2881538 4090085
28 142738316 209951696
6 47 59
20 441244 755250
14 6406 8579
0 1 1
15 7240 24635
19 198179 404116
10 237 328
16 24087 48187
18 38218 202873
10 333 458
26 6584414 18856641
29 348406123 356676874
13 5214 7728
26 24450416 37815929
13 2917 5383
1 1 2
14 984 10094
0 1 1
11 946 1570
30 119729024 661505906
9 6 407
26 7308666 26098224
9 156 160
15 6494 7742
6 17 38
23 377219 7528089
17 35555 40423
19 482653 505420
0 1 1
23 2154059 6207111
7 23 29
5 6 12
28 103059124 119666537
15 25780 27501
10 712 810
22 710347 3745681
0 1 1
29 190681000 377876012
14 8390 14147
0 1 1
2 1 2
4 7 14
0 1 1
25 19957378 25661567
20 260621 716345
7 35 68
29 506393848 527207590
8 22 189
27 40511419 117022128
7 25 104
6 31 50
26 15183077 51095571
9 297 349
13 1699 4772
6 54 59
11 1159 1413
23 900494 7023734
22 1659464 3546663
17 47198 74778
9 24 357
29 98143158 295887238
30 207294268 529158574
7 59 78
8 74 117
14 635 14823
17 47171 63799
24 5785776 11017837
18 29676 31759
7 21 40
0 1 1
10 499 992
3 4 5
3 2 4
3 5 8
3 1 5
23 3925147 5773313
24 10848204 14814635
17 110158 121942
25 5173062 15501471
29 79825005 444485003
8 26 248
7 30 69
12 731 954
1 1 1
6 12 54
1 2 2
13 1717 2532
16 2719 64954
2 1 3
23 3807951 5367767
19 235245 397375
1 2 2
3 1 6
8 29 50
21 662151 1251618
15 14729 15849
7 79 81
29 73845128 509350402
5 6 22
10 42 636
14 1918 4378
4 1 4
18 103415 104896
22 1780082 2751203
19 167817 236694
2 4 4
7 82 120
13 5680 7408
28 27003277 205441006
13 1026 7864
20 476331 803008
13 21 3734
25 1271012 1457605
30 634522988 735351865
17 31605 109840
9 457 480
26 39192995 48181955
19 335507 409113
16 2359 22064
0 1 1
4 2 16
25 8395261 31876351
16 17659 43184
30 389361583 470545778
0 1 1
28 55733626 234744874
8 12 33
6 4 19
23 472280 3088663
15 512 29315
19 347763 496854
9 37 466
30 19196186 910310248
11 358 594
24 2506689 14556769
10 229 591
24 8120783 12739496
0 1 1
21 270362 950117
29 27394549 150468212
29 18179224 440949492
17 65992 106366
29 271580804 497618270
14 2800 8703
20 68396 177356
4 3 15
17 1808 19690
23 5607637 7162953
19 1450 186242
3 5 6
16 21045 56654
29 97255704 297076865
5 3 24
17 18457 50978
9 59 252
27 2537425 61214868
22 1496556 2791674
28 167339694 242482072
9 205 483
16 34091 39475
1 1 1
18 62077 173813
27 23686548 63833620
19 107920 241408
30 20211600 165828826
19 63589 362471
23 3558375 7952715
3 6 6
7 104 107
21 667306 1405412
11 138 1514
26 29619817 30462123
1 1 2
23 1488599 4196570
30 163701029 704523596
5 17 18
18 122271 173512
29 182178746 495918873
16 28067 38566
15 2151 23917
24 1720667 14667114
24 529125 8418399
18 115991 182302
30 308544376 825495156
30 921645605 931403788
22 2298268 2573547
29 75890264 409297990
23 1108822 7650090
12 1490 2902
23 1842790 7528817
6 4 59
18 16275 30036
4 10 15
14 324 9146
16 5212 55141
30 42874502 582349235
27 17982768 80364751
19 80945 90249
14 1305 15193
26 41018096 61843033
3 5 8
24 11157527 11533294
17 60850 98551
6 7 42
21 280494 426278
14 9346 15012
28 43695434 139437851
20 427452 582332
22 1008916 2320500
27 48637269 92585410
22 279164 1954047
18 16879 58536
11 300 1205
30 205389249 725564087
8 141 193
20 380252 460903
26 14618221 31321251
11 65 1998
16 24324 28034
24 5013053 6776006
10 227 265
27 83429706 111195752
17 36671 55365
10 175 332
17 10489 46711
4 7 7
23 4029975 6728936
9 439 471
8 168 249
18 45153 153680
12 126 3565
21 620658 1957132
23 175537 8323831
4 4 13
17 61373 62374
24 790684 13517855
16 11944 63824
24 860992 11585169
11 1557 1583
9 159 435
24 7640020 10540279
22 559974 3650781
11 242 1879
29 202729878 402856276
8 108 113
7 42 63
0 1 1
20 342765 760416
18 146339 219267
23 3702182 7803191
21 1458437 1842813
7 3 75
7 49 116
3 1 2
3 2 5
2 2 4
28 203769194 221105294
6 14 38
4 5 9
15 22300 25318
2 1 1
20 213177 695749
1 1 2
2 4 4
16 5377 6045
5 13 13
6 42 46
12 629 1907
6 5 29
17 8136 124375
9 193 249
13 3769 7297
18 144716 188508
27 116550631 119754288
24 11658848 14705550
3 1 2
17 42491 79004
20 183760 784009
2 1 2
15 6667 13227
13 2825 6608
3 4 4
13 260 7351
2 1 4
4 10 15
18 102361 189814
9 46 94
7 3 76
16 38861 48225
23 8005480 8360723
14 4853 12530
1 1 2
24 8764442 15299703
26 18944492 28743932
23 4461387 7203024
10 307 920
21 373005 1547023
11 222 1759
17 78226 82206
13 3050 3886
7 108 114
5 11 17
25 3584618 33547778
13 3585 7198
17 60880 124788
13 3891 6793
21 330277 1622233
21 127870 685619
22 712321 1040518
6 12 50
3 3 6
20 460784 759870
12 528 1463
28 84191703 158704233
25 985709 12132315
1 1 2
26 25009013 60640651
19 515879 522120
24 7686836 9106509
11 744 1333
26 31652565 47219143
23 1297813 6885597
18 89881 197029
8 28 184
17 25147 110053
21 601084 672614
21 164610 1144668
18 143675 252577
29 100304947 454909369
16 9410 63599
23 143646 8199987
20 804198 1006788
16 43450 54157
0 1 1
1 1 2
16 18703 23092
0 1 1
1 1 1
0 1 1
10 564 873
0 1 1
13 3431 4233
26 8814182 46274353
2 2 4
3 7 8
0 1 1
23 1479262 7158142
5 8 16
17 95282 129336
29 222328156 327247838
16 10926 21933
8 156 248
22 15601 2497960
24 4946010 13304183
11 682 1969
25 11075994 12686185
9 194 247
30 330481642 599381506
28 25268064 201454517
7 26 76
3 4 5
27 77767523 88148259
11 74 1994
5 7 21
19 223919 231823
17 33415 43020
29 206880135 494311547
30 770610779 821574881
27 21799189 103988500
30 626820797 829050710
10 236 306
21 439793 1140468
3 7 8
29 135399357 423063222
15 16777 18095
8 21 158
21 71993 1614927
15 21715 28406
11 285 1008
27 78303947 103034615
11 1108 1726
9 48 487
28 26084151 219949956
10 315 463
18 140089 255192
4 9 13
18 228472 250782
29 190567540 478198579
23 999875 3800744
18 20445 54800
9 331 479
8 42 167
13 1130 5233
26 22363172 50161147
2 3 4
6 12 16
15 4165 24376
19 68487 418564
6 34 43
10 112 323
6 14 46
28 68241509 77452725
4 5 8
19 18159 471458
19 312239 333344
20 171095 849399
8 91 111
10 392 486
16 12705 56516
20 421531 669864
11 332 550
3 5 7
4 6 13
2 1 1
15 3919 7177
8 194 225
12 552 939
13 1953 4332
15 13068 21982
25 8070751 23534505
29 180983424 220695637
23 5983980 8371692
5 11 11
6 23 63
19 12980 74745
16 35746 56230
7 75 110
26 549994 19743554
23 650451 5262740
13 4051 5761
12 790 1370
27 25254796 62869494
2 3 4
15 26066 29047
24 6172557 9747725
5 19 20
28 220845726 224088264
18 178775 219659
8 159 162
2 1 4
4 2 9
8 99 171
7 26 112
14 5875 14278
6 22 42
19 9966 79853
25 11890445 24283907
5 10 16
17 60155 96295
11 436 1111
3 1 5
26 46610242 50034228
6 26 55
4 8 14
4 2 12
27 22248978 59907324
13 1049 1991
8 88 244
14 9265 15213
22 176493 709400
1 1 2
7 19 67
30 90854837 713764369
9 298 327
29 188465485 342590956
5 5 19
3 5 6
14 4787 12796
7 52 123
1 2 2
19 161157 485539
30 133925285 292721320
3 7 8
5 9 15
3 1 5
28 114684311 165973813
14 7044 14264
19 298662 460970
21 152497 271665
2 4 4
3 5 8
22 1249278 1660039
27 39598071 89851052
25 5026588 16094562
16 39309 55390
20 531284 625425
9 245 417
25 11198157 31539237
13 1554 6196
14 10868 14304
29 483785162 518548432
18 64919 104565
1 2 2
6 28 29
28 44049729 243272091
16 40704 61101
18 26118 219797
3 2 3
16 25727 28017
25 13172145 29010252
19 133752 234452
13 721 5933
22 576739 2397947
24 6407533 7993781
21 1369073 1596021
20 519811 678369
2 1 1
18 12292 39022
23 1130616 6998112
0 1 1
28 84959706 227487001
5 7 9
6 36 52
27 82040533 116834401
23 3424407 5834837
13 3234 7971
9 131 161
3 2 7
21 23284 1797616
21 883352 1804857
29 451696636 519451764
3 1 3
19 175471 484060
24 1080191 1432314
25 13656706 25863345
30 72176760 167279043
11 581 849
6 17 44
16 26957 31018
3 6 8
21 967543 1186944
11 780 853
29 131767454 212294974
5 3 25
3 3 6
8 11 229
2 1 2
6 50 56
27 23860247 127945067
18 174070 211507
19 358058 478813
12 2104 3864
30 291642643 653114753
2 1 4
11 149 1008
19 116713 212394
1 1 2
5 12 25
22 580549 1406453
1 1 1
20 104539 578174
5 2 13
21 276991 1271563
22 2186132 3273254
13 643 7185
11 823 1877
27 21168128 95581243
0 1 1
29 415564039 528229528
10 49 945
7 61 122
8 119 242
2 2 3
14 6980 12600
21 1310782 1373805
2 1 2
17 62244 119562
2 1 1
7 24 92
18 164118 187155
6 11 63
19 96214 326642
25 17587363 24489750
1 1 2
28 71932971 101176660
7 51 52
30 300555344 313673444
9 113 308
21 825884 935902
30 130554932 1046748970
14 6564 13115
7 10 66
0 1 1
25 11666890 18703420
17 15362 30174
16 3350 19047
22 459379 1349698
13 5145 6166
4 7 8
29 399663662 515390635
11 1520 1526
18 183850 202571
4 6 8
30 693085414 809807891
5 15 20
13 1130 2014
10 535 844
21 688612 2079951
26 14626118 38762174
17 51095 86540
9 290 467
5 19 20
23 5067266 7962997
24 10098460 11336802
10 119 326
13 2394 7289
21 116609 1852597
22 439766 3192347
21 227894 1979752
9 294 416
9 22 215
15 504 18992
6 36 43
11 112 467
10 25 620
13 3072 3901
5 24 28
13 450 7262
4 12 14
15 5777 21247
30 264887977 1044505337
9 14 367
10 735 857
20 85854 899220
20 462370 1036027
28 22768147 196657044
22 2570317 3935038
15 21632 26643
21 1202658 1768219
21 872442 1347968
14 838 14228
20 161061 593399
0 1 1
24 1669047 1941509
17 57875 81817
7 84 91
24 3838421 16378713
11 173 1686
8 52 231
1 2 2
10 91 753
7 24 79
27 82899739 121186694
2 1 4
22 166678 2453260
18 95311 155556
19 35094 121015
5 18 30
30 755112286 1004018363
