1
2
3
4
5
6
7
8
9
10
11
12
13
14
15
16
17
18
19
20
21
22
23
24
25
26
27
28
29
30
31
32
33
34
35
36
37
38
39
40
41
42
43
44
45
46
47
48
49
50
51
52
53
54
55
56
57
58
59
60
61
62
63
64
65
66
67
68
69
70
71
72
73
74
75
76
77
78
79
80
81
82
83
84
85
86
87
88
89
90
91
92
93
94
95
96
97
98
99
100
101
102
103
104
105
106
107
108
109
110
111
112
113
114
115
116
117
118
119
120
121
122
123
124
125
126
127
128
129
130
131
132
133
134
135
136
137
138
139
140
141
142
143
144
145
146
147
148
149
150
151
152
153
154
155
156
157
158
159
160
161
162
163
164
165
166
167
168
169
170
171
172
173
174
175
176
177
178
179
180
181
182
183
184
185
186
187
188
189
190
191
192
193
194
195
196
197
198
199
200
201
202
203
204
205
206
207
208
209
210
211
212
213
214
215
216
217
218
219
220
221
222
223
224
225
226
227
228
229
230
231
232
233
234
235
236
237
238
239
240
241
242
243
244
245
246
247
248
249
250
251
252
253
254
255
256
10000
9999
9998
9997
9996
9995
9994
9993
9992
9991
9990
9989
9988
9987
9986
9985
9984
9983
9982
9981
9980
9979
9978
9977
9976
9975
9974
9973
9972
9971
9970
9969
9968
9967
9966
9965
9964
9963
9962
9961
9960
9959
9958
9957
9956
9955
9954
9953
9952
9951
9950
9949
9948
9947
9946
9945
9944
9943
9942
9941
9940
9939
9938
9937
9936
9935
9934
9933
9932
9931
9930
9929
9928
9927
9926
9925
9924
9923
9922
9921
9920
9919
9918
9917
9916
9915
9914
9913
9912
9911
9910
9909
9908
9907
9906
9905
9904
9903
9902
9901
9900
9899
9898
9897
9896
9895
9894
9893
9892
9891
9890
9889
9888
9887
9886
9885
9884
9883
9882
9881
9880
9879
9878
9877
9876
9875
9874
9873
9872
9871
9870
9869
9868
9867
9866
9865
9864
9863
9862
9861
9860
9859
9858
9857
9856
9855
9854
9853
9852
9851
9850
9849
9848
9847
9846
9845
9844
9843
9842
9841
9840
9839
9838
9837
9836
9835
9834
9833
9832
9831
9830
9829
9828
9827
9826
9825
9824
9823
9822
9821
9820
9819
9818
9817
9816
9815
9814
9813
9812
9811
9810
9809
9808
9807
9806
9805
9804
9803
9802
9801
9800
9799
9798
9797
9796
9795
9794
9793
9792
9791
9790
9789
9788
9787
9786
9785
9784
9783
9782
9781
9780
9779
9778
9777
9776
9775
9774
9773
9772
9771
9770
9769
9768
9767
9766
9765
9764
9763
9762
9761
9760
9759
9758
9757
9756
9755
9754
9753
9752
9751
9750
9749
9748
9747
9746
9745
4582
7814
4551
3767
5404
6569
4222
5821
9999
7201
5026
3762
6193
929
7926
2589
5238
4227
3710
9507
1694
1052
7125
9280
2227
8471
1403
2411
2261
4946
1052
3069
393
8140
2622
9692
3545
6879
4492
877
1023
862
4935
8774
7392
7398
4597
9458
5304
686
276
6508
5796
9279
1145
4810
9731
109
8980
4657
8385
2872
1333
5336
7771
7324
4744
9426
8783
5744
561
2342
8217
4832
6907
2957
5898
5701
1460
1941
7985
3666
3419
3304
4644
3612
7522
1853
3280
5075
974
7773
9254
8033
2832
348
6597
5136
3928
3531
1746
7817
8333
9889
9258
4187
8471
6183
7172
108
7762
8550
6745
686
4908
3203
8798
9643
2280
1701
7428
1455
8075
1882
4284
3216
3628
4691
2195
509
7486
766
8733
1760
7544
268
8218
8426
6049
1201
5033
6908
1894
4237
8429
1632
6717
3897
5716
5686
6977
2497
6527
9860
795
9663
5985
5155
9518
5893
9352
1804
9085
3507
3287
5244
3627
9880
9404
6448
3436
1793
7830
8112
8582
3988
3029
4875
1991
9334
4642
4434
8536
708
1348
1320
2751
9293
197
6592
4285
4591
6642
444
9992
4111
4441
8071
5808
307
7235
5710
3934
3112
8782
7959
7633
842
1009
8005
4958
9561
9528
4560
3946
3194
1338
7589
7202
5117
4761
4939
2535
3004
6429
9906
8087
629
6097
3930
4125
2161
4050
5093
1642
2547
3574
734
8996
2084
9
7525
8806
2987
3269
969
8531
7774
4529
8014
4042
7279
2028
5352
2059
646
