36 3
1 26
2 2
45 18
10 22
59 13
7 26
20 14
61 8
54 11
21 25
74 5
68 14
58 6
39 19
25 23
49 26
21 13
80 24
77 21
8 13
32 7
28 16
53 24
80 16
74 10
54 26
72 7
58 11
29 3
35 8
1 1
60 23
66 12
26 21
20 14
21 15
30 21
6 16
6 2
65 4
57 21
6 2
57 20
78 17
41 19
70 21
19 9
22 11
27 13
6 2
64 14
49 22
70 20
25 4
11 19
61 10
73 14
35 18
1 1
33 5
49 11
73 17
57 19
23 15
14 7
1 7
62 7
74 9
6 15
79 25
2 23
4 22
7 18
27 18
1 1
39 16
70 22
30 6
78 8
80 23
55 13
71 14
32 9
39 21
57 10
33 6
49 26
3 19
30 19
66 13
42 8
27 6
7 9
60 21
32 8
78 8
43 22
42 15
5 19
0 0
