666

0 10 0 27
0 24 0 3
1 6 1 6
0 4 0 20
0 2 0 18
0 2 0 16
0 14 0 2
1 5 1 5
7 5 7 5
1 7 1 7
1 2 1 2
2 2 2 2
5 8 5 8

0 2 0 30
0 2 0 28
0 28 0 0
1 9 1 9
0 6 0 22
0 16 0 6
3 10 3 10
0 10 0 6
3 7 3 7
5 1 5 1
3 4 3 4
1 5 1 5
1 2 1 2

0 14 0 18
0 18 0 0
1 9 1 9
0 4 0 14
7 2 7 2
2 8 2 8
7 8 7 8

0 78 0 17
0 12 0 5
2 7 2 7
6 3 6 3
0 42 0 36
0 26 0 10
5 5 5 5
0 2 0 24
0 10 0 14
7 3 7 3
5 7 5 7
1 5 1 5
0 20 0 22
0 4 0 18
0 10 0 8
4 8 4 8
5 7 5 7
2 6 2 6
0 4 0 16
0 10 0 6
3 10 3 10
5 6 5 6
2 8 2 8

0 42 0 39
0 18 0 21
0 8 0 13
6 1 6 1
4 8 4 8
0 16 0 2
1 6 1 6
0 2 0 14
7 10 7 10
1 8 1 8
0 34 0 8
4 7 4 7
0 28 0 6
3 4 3 4
0 14 0 14
7 2 7 2
7 4 7 4

0 6 0 21
0 16 0 5
2 6 2 6
0 10 0 6
3 9 3 9
5 2 5 2
3 4 3 4

0 58 0 19
0 8 0 11
5 8 5 8
4 8 4 8
0 14 0 44
0 14 0 30
0 30 0 0
1 6 1 6
0 16 0 14
7 1 7 1
0 14 0 2
1 6 1 6
7 3 7 3
7 8 7 8
7 10 7 10

0 64 0 23
0 10 0 13
6 8 6 8
5 8 5 8
0 28 0 36
0 36 0 0
1 1 1 1
0 32 0 4
2 10 2 10
0 6 0 26
0 26 0 0
1 10 1 10
0 10 0 16
0 10 0 6
3 2 3 2
5 7 5 7
5 7 5 7
3 7 3 7
0 20 0 8
4 9 4 9
0 18 0 2
1 6 1 6
0 6 0 12
6 3 6 3
3 10 3 10

0 42 0 34
0 8 0 26
0 20 0 6
3 8 3 8
0 14 0 6
3 4 3 4
7 7 7 7
4 2 4 2
0 12 0 30
0 2 0 28
0 10 0 18
0 2 0 16
0 8 0 8
4 9 4 9
4 3 4 3
1 5 1 5
5 6 5 6
1 5 1 5
6 4 6 4

0 30 0 27
0 18 0 9
4 9 4 9
0 2 0 16
0 12 0 4
2 7 2 7
6 7 6 7
1 7 1 7
0 26 0 4
2 3 2 3
0 12 0 14
7 7 7 7
6 5 6 5

0 12 0 7
3 9 3 9
6 3 6 3

7 3 7 3

0 6 0 32
0 30 0 2
1 4 1 4
0 14 0 16
0 12 0 4
2 7 2 7
6 4 6 4
7 1 7 1
3 7 3 7

4 7 4 7

0 14 0 40
0 2 0 38
0 20 0 18
0 10 0 8
4 2 4 2
5 9 5 9
0 18 0 2
1 3 1 3
0 8 0 10
5 4 5 4
4 10 4 10
1 7 1 7
7 2 7 2

0 24 0 20
0 12 0 8
4 1 4 1
6 9 6 9
0 16 0 8
4 10 4 10
0 12 0 4
2 4 2 4
6 7 6 7

0 26 0 5
2 5 2 5
0 16 0 10
5 6 5 6
0 14 0 2
1 1 1 1
7 10 7 10

3 5 3 5

0 10 0 62
0 18 0 44
0 26 0 18
0 4 0 14
7 10 7 10
2 7 2 7
0 6 0 20
0 16 0 4
2 5 2 5
0 8 0 8
4 9 4 9
4 2 4 2
3 4 3 4
0 12 0 6
3 1 3 1
6 10 6 10
5 4 5 4

0 34 0 30
0 20 0 10
5 5 5 5
0 12 0 8
4 10 4 10
6 10 6 10
0 12 0 22
0 20 0 2
1 10 1 10
0 14 0 6
3 2 3 2
7 1 7 1
6 1 6 1

0 8 0 19
0 8 0 11
5 3 5 3
4 10 4 10
4 4 4 4

0 28 0 5
2 10 2 10
0 22 0 6
3 2 3 2
0 12 0 10
5 9 5 9
6 1 6 1

3 9 3 9

4 8 4 8

7 8 7 8

0 2 0 15
7 1 7 1
1 1 1 1

0 22 0 44
0 14 0 30
0 12 0 18
0 6 0 12
6 4 6 4
3 6 3 6
6 8 6 8
7 3 7 3
0 18 0 4
2 6 2 6
0 8 0 10
5 4 5 4
4 2 4 2

0 38 0 7
3 3 3 3
0 30 0 8
4 2 4 2
0 16 0 14
7 2 7 2
0 4 0 12
6 2 6 2
2 1 2 1

0 18 0 31
0 4 0 27
0 26 0 1
1 8 1 8
0 24 0 2
1 9 1 9
0 16 0 8
4 8 4 8
0 12 0 4
2 10 2 10
6 3 6 3
2 1 2 1
0 10 0 8
4 9 4 9
5 2 5 2

1 8 1 8

4 5 4 5

0 66 0 30
0 22 0 8
4 2 4 2
0 22 0 0
1 6 1 6
0 8 0 14
7 6 7 6
4 8 4 8
0 34 0 32
0 6 0 26
0 14 0 12
6 8 6 8
7 3 7 3
3 8 3 8
0 20 0 14
7 5 7 5
0 16 0 4
2 5 2 5
0 8 0 8
4 9 4 9
4 4 4 4

5 6 5 6

1 7 1 7

0 44 0 44
0 16 0 28
0 4 0 24
0 22 0 2
1 3 1 3
0 10 0 12
6 6 6 6
5 1 5 1
2 7 2 7
0 14 0 2
1 7 1 7
7 2 7 2
0 32 0 12
6 10 6 10
0 30 0 2
1 7 1 7
0 26 0 4
2 10 2 10
0 20 0 6
3 8 3 8
0 16 0 4
2 10 2 10
0 12 0 4
2 2 2 2
6 10 6 10

0 36 0 39
0 10 0 29
0 8 0 21
0 10 0 11
5 1 5 1
5 6 5 6
4 2 4 2
5 4 5 4
0 32 0 4
2 3 2 3
0 16 0 16
0 2 0 14
7 10 7 10
1 1 1 1
0 2 0 14
7 7 7 7
1 2 1 2

0 58 0 20
0 16 0 4
2 5 2 5
0 4 0 12
6 10 6 10
2 4 2 4
0 30 0 28
0 16 0 12
6 5 6 5
0 10 0 6
3 10 3 10
5 9 5 9
0 14 0 16
0 12 0 4
2 9 2 9
6 7 6 7
7 8 7 8

0 58 0 20
0 20 0 0
1 4 1 4
0 14 0 6
3 6 3 6
7 10 7 10
0 56 0 2
1 2 1 2
0 50 0 6
3 6 3 6
0 44 0 6
3 8 3 8
0 4 0 40
0 24 0 16
0 12 0 4
2 2 2 2
6 1 6 1
0 22 0 2
1 8 1 8
0 12 0 10
5 4 5 4
6 4 6 4
2 2 2 2

0 10 0 60
0 22 0 38
0 30 0 8
4 3 4 3
0 24 0 6
3 4 3 4
0 22 0 2
1 8 1 8
0 10 0 12
6 10 6 10
5 7 5 7
0 10 0 12
6 8 6 8
5 2 5 2
5 2 5 2

0 52 0 14
7 5 7 5
0 20 0 32
0 16 0 16
0 8 0 8
4 8 4 8
4 5 4 5
0 10 0 6
3 6 3 6
5 6 5 6
0 10 0 10
5 9 5 9
5 5 5 5

4 7 4 7

0 22 0 26
0 26 0 0
1 1 1 1
0 22 0 4
2 4 2 4
0 6 0 16
0 2 0 14
7 8 7 8
1 2 1 2
3 6 3 6
0 18 0 4
2 3 2 3
0 16 0 2
1 8 1 8
0 2 0 14
7 3 7 3
1 4 1 4

0 2 0 45
0 36 0 9
4 9 4 9
0 2 0 34
0 12 0 22
0 8 0 14
7 3 7 3
4 4 4 4
6 9 6 9
1 10 1 10
1 10 1 10

7 8 7 8

0 20 0 1
1 1 1 1
0 4 0 16
0 4 0 12
6 10 6 10
2 10 2 10
2 7 2 7

0 16 0 58
0 54 0 4
2 3 2 3
0 10 0 44
0 24 0 20
0 10 0 10
5 9 5 9
5 4 5 4
0 2 0 22
0 18 0 4
2 4 2 4
0 10 0 8
4 5 4 5
5 3 5 3
1 1 1 1
5 1 5 1
0 16 0 0
1 5 1 5
0 2 0 14
7 3 7 3
1 9 1 9

0 22 0 17
0 8 0 9
4 1 4 1
4 2 4 2
0 18 0 4
2 4 2 4
0 2 0 16
0 12 0 4
2 1 2 1
6 2 6 2
1 10 1 10

0 76 0 7
3 1 3 1
0 42 0 34
0 30 0 4
2 2 2 2
0 2 0 28
0 2 0 26
0 20 0 6
3 4 3 4
0 2 0 18
0 6 0 12
6 8 6 8
3 4 3 4
1 3 1 3
1 1 1 1
1 9 1 9
0 26 0 16
0 10 0 6
3 1 3 1
5 1 5 1
0 12 0 14
7 1 7 1
6 10 6 10

0 16 0 19
0 10 0 9
4 1 4 1
5 3 5 3
0 14 0 2
1 6 1 6
7 10 7 10

0 22 0 14
7 2 7 2
0 14 0 8
4 5 4 5
7 8 7 8

0 58 0 17
0 2 0 15
7 5 7 5
1 8 1 8
0 56 0 2
1 6 1 6
0 22 0 34
0 20 0 14
7 10 7 10
0 8 0 12
6 3 6 3
4 2 4 2
0 2 0 20
0 10 0 10
5 4 5 4
5 3 5 3
1 4 1 4

0 14 0 10
5 2 5 2
7 5 7 5

2 5 2 5

0 34 0 1
1 2 1 2
0 2 0 32
0 30 0 2
1 2 1 2
0 6 0 24
0 22 0 2
1 1 1 1
0 2 0 20
0 10 0 10
5 2 5 2
5 1 5 1
1 3 1 3
3 8 3 8
1 3 1 3

0 2 0 25
0 22 0 3
1 5 1 5
0 20 0 2
1 2 1 2
0 8 0 12
6 4 6 4
4 9 4 9
1 8 1 8

0 2 0 18
0 18 0 0
1 8 1 8
0 10 0 8
4 9 4 9
5 7 5 7
1 9 1 9

0 16 0 47
0 36 0 11
5 3 5 3
0 14 0 22
0 6 0 16
0 6 0 10
5 1 5 1
3 4 3 4
3 1 3 1
7 8 7 8
0 10 0 6
3 8 3 8
5 2 5 2

0 48 0 8
4 2 4 2
0 26 0 22
0 6 0 16
0 4 0 12
6 5 6 5
2 3 2 3
3 1 3 1
0 14 0 12
6 8 6 8
7 9 7 9

0 68 0 2
1 8 1 8
0 36 0 32
0 22 0 10
5 3 5 3
0 16 0 6
3 9 3 9
0 8 0 8
4 5 4 5
4 7 4 7
0 28 0 8
4 6 4 6
0 4 0 24
0 10 0 14
7 10 7 10
5 6 5 6
2 7 2 7

0 46 0 33
0 30 0 3
1 1 1 1
0 12 0 18
0 4 0 14
7 6 7 6
2 5 2 5
6 5 6 5
0 26 0 20
0 8 0 12
6 4 6 4
4 8 4 8
0 6 0 20
0 12 0 8
4 6 4 6
6 6 6 6
3 3 3 3

0 20 0 58
0 18 0 40
0 26 0 14
7 6 7 6
0 10 0 16
0 2 0 14
7 3 7 3
1 4 1 4
5 2 5 2
0 8 0 10
5 8 5 8
4 10 4 10
0 4 0 16
0 12 0 4
2 1 2 1
6 7 6 7
2 8 2 8

0 30 0 3
1 2 1 2
0 16 0 14
7 1 7 1
0 16 0 0
1 6 1 6
0 8 0 8
4 3 4 3
4 9 4 9

0 14 0 22
0 12 0 10
5 8 5 8
6 1 6 1
7 5 7 5

0 28 0 56
0 8 0 48
0 38 0 10
5 8 5 8
0 6 0 32
0 20 0 12
6 6 6 6
0 4 0 16
0 8 0 8
4 1 4 1
4 5 4 5
2 8 2 8
3 10 3 10
4 7 4 7
0 4 0 24
0 24 0 0
1 8 1 8
0 8 0 16
0 8 0 8
4 7 4 7
4 9 4 9
4 6 4 6
2 5 2 5

0 74 0 16
0 16 0 0
1 4 1 4
0 8 0 8
4 1 4 1
4 10 4 10
0 52 0 22
0 12 0 10
5 2 5 2
6 5 6 5
0 18 0 34
0 14 0 20
0 16 0 4
2 1 2 1
0 12 0 4
2 10 2 10
6 5 6 5
7 2 7 2
0 16 0 2
1 9 1 9
0 14 0 2
1 6 1 6
7 2 7 2

0 12 0 6
3 1 3 1
6 1 6 1

0 8 0 31
0 14 0 17
0 14 0 3
1 1 1 1
7 10 7 10
7 7 7 7
4 4 4 4

0 20 0 4
2 2 2 2
0 2 0 18
0 8 0 10
5 7 5 7
4 9 4 9
1 1 1 1

5 1 5 1

3 5 3 5

0 2 0 38
0 4 0 34
0 2 0 32
0 10 0 22
0 12 0 10
5 10 5 10
6 5 6 5
5 6 5 6
1 6 1 6
2 10 2 10
1 2 1 2

0 86 0 3
1 6 1 6
0 60 0 26
0 22 0 4
2 2 2 2
0 22 0 0
1 4 1 4
0 10 0 12
6 4 6 4
5 2 5 2
0 18 0 42
0 2 0 40
0 20 0 20
0 8 0 12
6 1 6 1
4 4 4 4
0 2 0 18
0 2 0 16
0 4 0 12
6 4 6 4
2 5 2 5
1 6 1 6
1 9 1 9
1 8 1 8
0 4 0 14
7 9 7 9
2 5 2 5

0 12 0 63
0 58 0 5
2 3 2 3
0 14 0 44
0 24 0 20
0 18 0 2
1 4 1 4
0 16 0 2
1 8 1 8
0 6 0 10
5 9 5 9
3 7 3 7
0 10 0 14
7 2 7 2
5 5 5 5
7 4 7 4
6 2 6 2

6 9 6 9

0 40 0 13
6 1 6 1
0 4 0 36
0 22 0 14
7 9 7 9
0 20 0 2
1 4 1 4
0 2 0 18
0 10 0 8
4 6 4 6
5 8 5 8
1 7 1 7
2 6 2 6

0 64 0 3
1 9 1 9
0 42 0 22
0 4 0 18
0 10 0 8
4 7 4 7
5 5 5 5
2 3 2 3
0 40 0 2
1 10 1 10
0 12 0 28
0 16 0 12
6 10 6 10
0 2 0 14
7 6 7 6
1 1 1 1
6 7 6 7

0 74 0 11
5 2 5 2
0 14 0 60
0 60 0 0
1 10 1 10
0 4 0 56
0 10 0 46
0 44 0 2
1 8 1 8
0 10 0 34
0 30 0 4
2 8 2 8
0 14 0 16
0 2 0 14
7 7 7 7
1 3 1 3
7 10 7 10
5 2 5 2
5 5 5 5
2 7 2 7
7 7 7 7

0 52 0 9
4 7 4 7
0 44 0 8
4 8 4 8
0 18 0 26
0 20 0 6
3 2 3 2
0 12 0 8
4 9 4 9
6 8 6 8
0 4 0 14
7 10 7 10
2 5 2 5

0 8 0 50
0 22 0 28
0 4 0 24
0 10 0 14
7 5 7 5
5 2 5 2
2 1 2 1
0 16 0 6
3 10 3 10
0 10 0 6
3 7 3 7
5 3 5 3
4 5 4 5

0 14 0 68
0 60 0 8
4 6 4 6
0 10 0 50
0 30 0 20
0 2 0 18
0 18 0 0
1 1 1 1
0 16 0 2
1 7 1 7
0 10 0 6
3 1 3 1
5 8 5 8
1 7 1 7
0 2 0 28
0 8 0 20
0 12 0 8
4 1 4 1
6 1 6 1
4 9 4 9
1 4 1 4
5 8 5 8
7 5 7 5

0 96 0 2
1 3 1 3
0 46 0 50
0 38 0 12
6 6 6 6
0 32 0 6
3 9 3 9
0 18 0 14
7 5 7 5
0 12 0 6
3 2 3 2
6 8 6 8
0 26 0 20
0 2 0 18
0 10 0 8
4 2 4 2
5 2 5 2
1 2 1 2
0 18 0 8
4 8 4 8
0 14 0 4
2 10 2 10
7 7 7 7

0 8 0 85
0 42 0 43
0 42 0 1
1 2 1 2
0 24 0 18
0 16 0 2
1 3 1 3
0 2 0 14
7 7 7 7
1 4 1 4
0 8 0 16
0 16 0 0
1 9 1 9
0 2 0 14
7 3 7 3
1 8 1 8
4 4 4 4
0 34 0 8
4 5 4 5
0 24 0 10
5 1 5 1
0 12 0 12
6 5 6 5
6 9 6 9
4 10 4 10

0 14 0 51
0 22 0 29
0 12 0 17
0 16 0 1
1 4 1 4
0 10 0 6
3 9 3 9
5 5 5 5
6 3 6 3
0 14 0 8
4 7 4 7
7 6 7 6
7 6 7 6

0 22 0 30
0 10 0 20
0 6 0 14
7 6 7 6
3 6 3 6
5 4 5 4
0 6 0 16
0 2 0 14
7 5 7 5
1 2 1 2
3 7 3 7

0 8 0 66
0 60 0 6
3 8 3 8
0 36 0 24
0 16 0 8
4 9 4 9
0 4 0 12
6 4 6 4
2 2 2 2
0 18 0 18
0 12 0 6
3 8 3 8
6 5 6 5
0 18 0 0
1 10 1 10
0 16 0 2
1 1 1 1
0 6 0 10
5 3 5 3
3 9 3 9
4 5 4 5

0 74 0 7
3 4 3 4
0 8 0 66
0 4 0 62
0 46 0 16
0 10 0 6
3 3 3 3
5 8 5 8
0 40 0 6
3 7 3 7
0 32 0 8
4 4 4 4
0 12 0 20
0 18 0 2
1 9 1 9
0 8 0 10
5 9 5 9
4 8 4 8
6 3 6 3
2 5 2 5
4 1 4 1

0 34 0 11
5 8 5 8
0 10 0 24
0 24 0 0
1 2 1 2
0 8 0 16
0 14 0 2
1 6 1 6
7 4 7 4
4 2 4 2
5 5 5 5

0 30 0 1
1 4 1 4
0 2 0 28
0 26 0 2
1 4 1 4
0 22 0 4
2 8 2 8
0 2 0 20
0 18 0 2
1 2 1 2
0 14 0 4
2 6 2 6
7 4 7 4
1 2 1 2
1 10 1 10

0 14 0 47
0 34 0 13
6 9 6 9
0 18 0 16
0 16 0 0
1 3 1 3
0 2 0 14
7 6 7 6
1 5 1 5
0 14 0 4
2 8 2 8
7 1 7 1
7 8 7 8

0 16 0 50
0 48 0 2
1 1 1 1
0 28 0 20
0 14 0 6
3 8 3 8
7 9 7 9
0 26 0 2
1 5 1 5
0 10 0 16
0 2 0 14
7 9 7 9
1 7 1 7
5 7 5 7
0 10 0 6
3 2 3 2
5 8 5 8

0 34 0 44
0 8 0 36
0 8 0 28
0 6 0 22
0 6 0 16
0 2 0 14
7 10 7 10
1 2 1 2
3 4 3 4
3 8 3 8
4 10 4 10
4 5 4 5
0 12 0 22
0 4 0 18
0 14 0 4
2 3 2 3
7 6 7 6
2 8 2 8
6 8 6 8

0 66 0 30
0 24 0 6
3 6 3 6
0 2 0 22
0 8 0 14
7 6 7 6
4 3 4 3
1 3 1 3
0 10 0 56
0 40 0 16
0 10 0 6
3 3 3 3
5 9 5 9
0 24 0 16
0 4 0 12
6 2 6 2
2 1 2 1
0 20 0 4
2 1 2 1
0 2 0 18
0 4 0 14
7 4 7 4
2 5 2 5
1 9 1 9
5 4 5 4

0 14 0 4
2 5 2 5
7 4 7 4

0 2 0 16
0 10 0 6
3 8 3 8
5 6 5 6
1 4 1 4

0 42 0 13
6 2 6 2
0 18 0 24
0 4 0 20
0 4 0 16
0 6 0 10
5 3 5 3
3 10 3 10
2 5 2 5
2 10 2 10
0 12 0 6
3 8 3 8
6 2 6 2

0 14 0 19
0 2 0 17
0 10 0 7
3 1 3 1
5 8 5 8
1 1 1 1
7 5 7 5

2 3 2 3

4 6 4 6

0 28 0 61
0 32 0 29
0 4 0 25
0 16 0 9
4 3 4 3
0 8 0 8
4 2 4 2
4 3 4 3
2 8 2 8
0 4 0 28
0 14 0 14
7 10 7 10
7 3 7 3
2 10 2 10
0 4 0 24
0 4 0 20
0 10 0 10
5 10 5 10
5 9 5 9
2 8 2 8
2 10 2 10

0 24 0 22
0 12 0 10
5 5 5 5
6 1 6 1
0 2 0 22
0 12 0 10
5 1 5 1
6 1 6 1
1 6 1 6

6 10 6 10

0 24 0 23
0 12 0 11
5 4 5 4
6 5 6 5
0 10 0 14
7 3 7 3
5 4 5 4

0 24 0 3
1 9 1 9
0 22 0 2
1 4 1 4
0 12 0 10
5 10 5 10
6 10 6 10

0 58 0 3
1 10 1 10
0 26 0 32
0 24 0 8
4 9 4 9
0 10 0 14
7 9 7 9
5 6 5 6
0 18 0 8
4 2 4 2
0 14 0 4
2 6 2 6
7 3 7 3

0 32 0 27
0 8 0 19
0 10 0 9
4 8 4 8
5 7 5 7
4 2 4 2
0 16 0 16
0 14 0 2
1 7 1 7
7 7 7 7
0 14 0 2
1 10 1 10
7 8 7 8

0 14 0 13
6 5 6 5
7 2 7 2

0 6 0 71
0 52 0 19
0 8 0 11
5 2 5 2
4 7 4 7
0 40 0 12
6 2 6 2
0 22 0 18
0 10 0 8
4 8 4 8
5 5 5 5
0 6 0 16
0 10 0 6
3 3 3 3
5 5 5 5
3 3 3 3
3 2 3 2

7 7 7 7

0 12 0 5
2 8 2 8
6 7 6 7

0 14 0 33
0 14 0 19
0 8 0 11
5 8 5 8
4 8 4 8
7 1 7 1
7 2 7 2

0 16 0 10
5 5 5 5
0 12 0 4
2 1 2 1
6 7 6 7

0 30 0 48
0 44 0 4
2 8 2 8
0 26 0 18
0 4 0 14
7 1 7 1
2 4 2 4
0 14 0 12
6 3 6 3
7 4 7 4
0 2 0 28
0 22 0 6
3 3 3 3
0 20 0 2
1 9 1 9
0 4 0 16
0 8 0 8
4 5 4 5
4 8 4 8
2 5 2 5
1 5 1 5

0 18 0 33
0 22 0 11
5 6 5 6
0 6 0 16
0 14 0 2
1 2 1 2
7 9 7 9
3 3 3 3
0 2 0 16
0 14 0 2
1 8 1 8
7 7 7 7
1 1 1 1

0 12 0 19
0 8 0 11
5 8 5 8
4 3 4 3
6 3 6 3

0 48 0 26
0 16 0 10
5 5 5 5
0 4 0 12
6 2 6 2
2 7 2 7
0 30 0 18
0 18 0 0
1 5 1 5
0 10 0 8
4 1 4 1
5 7 5 7
0 12 0 18
0 8 0 10
5 2 5 2
4 3 4 3
6 7 6 7

0 14 0 84
0 66 0 18
0 2 0 16
0 2 0 14
7 3 7 3
1 5 1 5
1 4 1 4
0 20 0 46
0 44 0 2
1 5 1 5
0 10 0 34
0 26 0 8
4 1 4 1
0 12 0 14
7 5 7 5
6 3 6 3
5 2 5 2
0 6 0 14
7 4 7 4
3 8 3 8
7 4 7 4

0 18 0 16
0 4 0 12
6 4 6 4
2 9 2 9
0 16 0 2
1 6 1 6
0 6 0 10
5 4 5 4
3 10 3 10

0 68 0 18
0 16 0 2
1 3 1 3
0 6 0 10
5 10 5 10
3 3 3 3
0 8 0 60
0 20 0 40
0 36 0 4
2 10 2 10
0 4 0 32
0 22 0 10
5 4 5 4
0 10 0 12
6 6 6 6
5 10 5 10
2 6 2 6
0 16 0 4
2 1 2 1
0 8 0 8
4 1 4 1
4 6 4 6
4 4 4 4

0 4 0 88
0 78 0 10
5 6 5 6
0 8 0 70
0 10 0 60
0 32 0 28
0 20 0 8
4 2 4 2
0 16 0 4
2 7 2 7
0 16 0 0
1 2 1 2
0 16 0 0
1 6 1 6
0 8 0 8
4 10 4 10
4 4 4 4
0 2 0 30
0 30 0 0
1 7 1 7
0 26 0 4
2 6 2 6
0 6 0 20
0 14 0 6
3 4 3 4
7 2 7 2
3 3 3 3
1 8 1 8
5 10 5 10
4 4 4 4
2 4 2 4

0 16 0 2
1 8 1 8
0 12 0 4
2 4 2 4
6 1 6 1

0 18 0 45
0 12 0 33
0 10 0 23
0 6 0 17
0 14 0 3
1 2 1 2
7 2 7 2
3 7 3 7
5 9 5 9
6 1 6 1
0 6 0 12
6 4 6 4
3 9 3 9

0 20 0 8
4 9 4 9
0 14 0 6
3 6 3 6
7 5 7 5

0 38 0 11
5 4 5 4
0 6 0 32
0 22 0 10
5 8 5 8
0 6 0 16
0 6 0 10
5 3 5 3
3 7 3 7
3 9 3 9
3 9 3 9

0 50 0 44
0 42 0 2
1 1 1 1
0 30 0 12
6 2 6 2
0 24 0 6
3 4 3 4
0 24 0 0
1 4 1 4
0 22 0 2
1 9 1 9
0 6 0 16
0 14 0 2
1 10 1 10
7 8 7 8
3 2 3 2
0 46 0 4
2 7 2 7
0 6 0 40
0 2 0 38
0 34 0 4
2 6 2 6
0 22 0 12
6 2 6 2
0 2 0 20
0 20 0 0
1 6 1 6
0 10 0 10
5 1 5 1
5 3 5 3
1 10 1 10
1 9 1 9
3 2 3 2

0 48 0 24
0 18 0 6
3 9 3 9
0 6 0 12
6 7 6 7
3 4 3 4
0 44 0 4
2 3 2 3
0 20 0 24
0 24 0 0
1 1 1 1
0 22 0 2
1 3 1 3
0 18 0 4
2 10 2 10
0 2 0 16
0 14 0 2
1 1 1 1
7 8 7 8
1 2 1 2
0 2 0 18
0 8 0 10
5 1 5 1
4 8 4 8
1 10 1 10

0 26 0 4
2 10 2 10
0 18 0 8
4 2 4 2
0 12 0 6
3 8 3 8
6 6 6 6

0 60 0 35
0 14 0 21
0 18 0 3
1 5 1 5
0 2 0 16
0 8 0 8
4 8 4 8
4 1 4 1
1 2 1 2
7 6 7 6
0 58 0 2
1 3 1 3
0 14 0 44
0 34 0 10
5 6 5 6
0 28 0 6
3 9 3 9
0 12 0 16
0 8 0 8
4 3 4 3
4 10 4 10
6 7 6 7
7 4 7 4

0 8 0 67
0 48 0 19
0 12 0 7
3 2 3 2
6 6 6 6
0 2 0 46
0 34 0 12
6 7 6 7
0 22 0 12
6 2 6 2
0 6 0 16
0 8 0 8
4 2 4 2
4 6 4 6
3 10 3 10
1 9 1 9
4 4 4 4

0 20 0 67
0 46 0 21
0 6 0 15
7 10 7 10
3 3 3 3
0 40 0 6
3 10 3 10
0 10 0 30
0 10 0 20
0 8 0 12
6 2 6 2
4 9 4 9
5 7 5 7
5 4 5 4
0 12 0 8
4 10 4 10
6 3 6 3

0 62 0 11
5 2 5 2
0 36 0 26
0 14 0 12
6 9 6 9
7 2 7 2
0 28 0 8
4 3 4 3
0 20 0 8
4 2 4 2
0 18 0 2
1 9 1 9
0 4 0 14
7 10 7 10
2 6 2 6

0 22 0 19
0 18 0 1
1 4 1 4
0 8 0 10
5 7 5 7
4 7 4 7
0 16 0 6
3 9 3 9
0 6 0 10
5 9 5 9
3 3 3 3

0 62 0 5
2 2 2 2
0 44 0 18
0 14 0 4
2 7 2 7
7 2 7 2
0 22 0 22
0 12 0 10
5 10 5 10
6 10 6 10
0 14 0 8
4 4 4 4
7 7 7 7

0 8 0 78
0 16 0 62
0 22 0 40
0 2 0 38
0 28 0 10
5 7 5 7
0 10 0 18
0 4 0 14
7 7 7 7
2 4 2 4
5 5 5 5
1 3 1 3
0 16 0 6
3 1 3 1
0 12 0 4
2 2 2 2
6 6 6 6
0 16 0 0
1 1 1 1
0 12 0 4
2 2 2 2
6 9 6 9
4 9 4 9

0 60 0 33
0 4 0 29
0 10 0 19
0 2 0 17
0 4 0 13
6 9 6 9
2 6 2 6
1 4 1 4
5 6 5 6
2 10 2 10
0 28 0 32
0 20 0 12
6 9 6 9
0 16 0 4
2 6 2 6
0 8 0 8
4 9 4 9
4 10 4 10
0 4 0 24
0 8 0 16
0 12 0 4
2 1 2 1
6 1 6 1
4 6 4 6
2 4 2 4

0 16 0 4
2 1 2 1
0 16 0 0
1 4 1 4
0 6 0 10
5 3 5 3
3 3 3 3

1 8 1 8

0 58 0 2
1 6 1 6
0 34 0 24
0 18 0 6
3 7 3 7
0 14 0 4
2 7 2 7
7 3 7 3
0 22 0 12
6 5 6 5
0 20 0 2
1 5 1 5
0 4 0 16
0 4 0 12
6 8 6 8
2 10 2 10
2 6 2 6

0 66 0 3
1 3 1 3
0 16 0 50
0 2 0 48
0 14 0 34
0 22 0 12
6 1 6 1
0 14 0 8
4 1 4 1
7 6 7 6
7 9 7 9
1 4 1 4
0 14 0 2
1 1 1 1
7 9 7 9

0 16 0 43
0 18 0 25
0 22 0 3
1 6 1 6
0 8 0 14
7 6 7 6
4 7 4 7
0 2 0 16
0 8 0 8
4 2 4 2
4 9 4 9
1 6 1 6
0 6 0 10
5 7 5 7
3 2 3 2

0 18 0 25
0 22 0 3
1 7 1 7
0 12 0 10
5 9 5 9
6 9 6 9
0 14 0 4
2 9 2 9
7 1 7 1

0 16 0 15
7 3 7 3
0 8 0 8
4 3 4 3
4 6 4 6

0 34 0 15
7 1 7 1
0 20 0 14
7 1 7 1
0 4 0 16
0 6 0 10
5 9 5 9
3 2 3 2
2 9 2 9

0 14 0 12
6 5 6 5
7 1 7 1

0 22 0 20
0 18 0 2
1 8 1 8
0 14 0 4
2 9 2 9
7 1 7 1
0 16 0 6
3 3 3 3
0 10 0 6
3 3 3 3
5 7 5 7

0 26 0 43
0 28 0 15
7 7 7 7
0 12 0 16
0 4 0 12
6 6 6 6
2 5 2 5
6 8 6 8
0 24 0 2
1 8 1 8
0 24 0 0
1 2 1 2
0 14 0 10
5 7 5 7
7 7 7 7

0 50 0 10
5 3 5 3
0 22 0 28
0 6 0 22
0 10 0 12
6 5 6 5
5 6 5 6
3 3 3 3
0 2 0 20
0 12 0 8
4 4 4 4
6 2 6 2
1 4 1 4

0 20 0 2
1 3 1 3
0 16 0 4
2 4 2 4
0 8 0 8
4 2 4 2
4 3 4 3

0 32 0 42
0 4 0 38
0 6 0 32
0 2 0 30
0 18 0 12
6 8 6 8
0 10 0 8
4 9 4 9
5 6 5 6
1 3 1 3
3 5 3 5
2 9 2 9
0 28 0 4
2 1 2 1
0 22 0 6
3 1 3 1
0 20 0 2
1 10 1 10
0 12 0 8
4 4 4 4
6 2 6 2

7 10 7 10

0 68 0 11
5 4 5 4
0 58 0 10
5 2 5 2
0 16 0 42
0 24 0 18
0 4 0 14
7 4 7 4
2 4 2 4
0 4 0 20
0 18 0 2
1 9 1 9
0 8 0 10
5 10 5 10
4 9 4 9
2 10 2 10
0 8 0 8
4 6 4 6
4 8 4 8

1 5 1 5

4 10 4 10

0 50 0 11
5 2 5 2
0 20 0 30
0 26 0 4
2 10 2 10
0 24 0 2
1 5 1 5
0 4 0 20
0 6 0 14
7 2 7 2
3 4 3 4
2 8 2 8
0 8 0 12
6 7 6 7
4 4 4 4

0 20 0 51
0 16 0 35
0 10 0 25
0 4 0 21
0 16 0 5
2 10 2 10
0 14 0 2
1 10 1 10
7 6 7 6
2 10 2 10
5 9 5 9
0 14 0 2
1 4 1 4
7 2 7 2
0 4 0 16
0 12 0 4
2 7 2 7
6 6 6 6
2 8 2 8

0 4 0 20
0 8 0 12
6 2 6 2
4 6 4 6
2 2 2 2

0 4 0 46
0 10 0 36
0 16 0 20
0 14 0 6
3 10 3 10
7 8 7 8
0 6 0 10
5 4 5 4
3 4 3 4
5 3 5 3
2 4 2 4

0 56 0 7
3 2 3 2
0 34 0 22
0 10 0 12
6 5 6 5
5 6 5 6
0 22 0 12
6 2 6 2
0 20 0 2
1 6 1 6
0 14 0 6
3 7 3 7
7 3 7 3

0 24 0 53
0 34 0 19
0 18 0 1
1 10 1 10
0 14 0 4
2 3 2 3
7 2 7 2
0 6 0 28
0 4 0 24
0 16 0 8
4 4 4 4
0 6 0 10
5 4 5 4
3 3 3 3
2 4 2 4
3 8 3 8
0 24 0 0
1 10 1 10
0 20 0 4
2 3 2 3
0 12 0 8
4 6 4 6
6 4 6 4

0 18 0 58
0 26 0 32
0 26 0 6
3 3 3 3
0 16 0 10
5 8 5 8
0 2 0 14
7 2 7 2
1 2 1 2
0 8 0 18
0 8 0 10
5 5 5 5
4 3 4 3
4 1 4 1
0 4 0 14
7 6 7 6
2 1 2 1

0 42 0 11
5 10 5 10
0 4 0 38
0 26 0 12
6 10 6 10
0 2 0 24
0 24 0 0
1 8 1 8
0 6 0 18
0 4 0 14
7 1 7 1
2 6 2 6
3 2 3 2
1 3 1 3
2 3 2 3

0 8 0 52
0 42 0 10
5 8 5 8
0 14 0 28
0 16 0 12
6 7 6 7
0 16 0 0
1 9 1 9
0 6 0 10
5 10 5 10
3 4 3 4
7 7 7 7
4 10 4 10

0 20 0 25
0 18 0 7
3 1 3 1
0 10 0 8
4 5 4 5
5 2 5 2
0 4 0 16
0 16 0 0
1 6 1 6
0 12 0 4
2 3 2 3
6 7 6 7
2 5 2 5

0 26 0 4
2 1 2 1
0 14 0 12
6 8 6 8
7 4 7 4

2 6 2 6

0 28 0 57
0 52 0 5
2 3 2 3
0 12 0 40
0 10 0 30
0 10 0 20
0 4 0 16
0 14 0 2
1 6 1 6
7 6 7 6
2 10 2 10
5 4 5 4
5 1 5 1
6 2 6 2
0 18 0 10
5 2 5 2
0 6 0 12
6 1 6 1
3 9 3 9

0 26 0 14
7 4 7 4
0 4 0 22
0 20 0 2
1 5 1 5
0 2 0 18
0 18 0 0
1 8 1 8
0 6 0 12
6 2 6 2
3 9 3 9
1 4 1 4
2 7 2 7

0 4 0 23
0 16 0 7
3 10 3 10
0 4 0 12
6 4 6 4
2 5 2 5
2 2 2 2

0 18 0 27
0 8 0 19
0 6 0 13
6 9 6 9
3 5 3 5
4 7 4 7
0 8 0 10
5 1 5 1
4 7 4 7

0 18 0 18
0 8 0 10
5 5 5 5
4 4 4 4
0 10 0 8
4 5 4 5
5 1 5 1

0 62 0 31
0 24 0 7
3 7 3 7
0 22 0 2
1 3 1 3
0 10 0 12
6 4 6 4
5 9 5 9
0 12 0 50
0 36 0 14
7 4 7 4
0 10 0 26
0 22 0 4
2 9 2 9
0 22 0 0
1 3 1 3
0 2 0 20
0 14 0 6
3 6 3 6
7 3 7 3
1 2 1 2
5 9 5 9
6 2 6 2

0 14 0 52
0 20 0 32
0 30 0 2
1 2 1 2
0 26 0 4
2 2 2 2
0 20 0 6
3 7 3 7
0 14 0 6
3 6 3 6
7 3 7 3
0 10 0 10
5 4 5 4
5 8 5 8
7 2 7 2

0 28 0 60
0 42 0 18
0 8 0 10
5 5 5 5
4 5 4 5
0 2 0 40
0 10 0 30
0 20 0 10
5 4 5 4
0 6 0 14
7 7 7 7
3 6 3 6
5 9 5 9
1 3 1 3
0 18 0 10
5 10 5 10
0 8 0 10
5 2 5 2
4 1 4 1

0 22 0 43
0 40 0 3
1 5 1 5
0 28 0 12
6 8 6 8
0 8 0 20
0 16 0 4
2 4 2 4
0 14 0 2
1 7 1 7
7 4 7 4
4 6 4 6
0 22 0 0
1 3 1 3
0 20 0 2
1 5 1 5
0 18 0 2
1 2 1 2
0 16 0 2
1 2 1 2
0 14 0 2
1 2 1 2
7 7 7 7

0 60 0 8
4 10 4 10
0 58 0 2
1 6 1 6
0 52 0 6
3 10 3 10
0 18 0 34
0 24 0 10
5 9 5 9
0 18 0 6
3 1 3 1
0 16 0 2
1 6 1 6
0 12 0 4
2 7 2 7
6 4 6 4
0 16 0 2
1 7 1 7
0 14 0 2
1 4 1 4
7 3 7 3

0 12 0 28
0 24 0 4
2 2 2 2
0 18 0 6
3 3 3 3
0 18 0 0
1 10 1 10
0 18 0 0
1 2 1 2
0 12 0 6
3 5 3 5
6 3 6 3
6 3 6 3

0 18 0 56
0 34 0 22
0 22 0 0
1 3 1 3
0 2 0 20
0 18 0 2
1 7 1 7
0 18 0 0
1 3 1 3
0 16 0 2
1 6 1 6
0 16 0 0
1 2 1 2
0 16 0 0
1 6 1 6
0 8 0 8
4 1 4 1
4 2 4 2
1 10 1 10
0 30 0 4
2 4 2 4
0 26 0 4
2 4 2 4
0 14 0 12
6 8 6 8
7 6 7 6
0 6 0 12
6 9 6 9
3 1 3 1

0 6 0 18
0 16 0 2
1 2 1 2
0 14 0 2
1 3 1 3
7 7 7 7
3 9 3 9

0 16 0 42
0 10 0 32
0 18 0 14
7 4 7 4
0 14 0 4
2 10 2 10
7 9 7 9
5 10 5 10
0 12 0 4
2 7 2 7
6 8 6 8

0 58 0 13
6 8 6 8
0 42 0 16
0 4 0 12
6 6 6 6
2 9 2 9
0 28 0 14
7 5 7 5
0 26 0 2
1 10 1 10
0 22 0 4
2 6 2 6
0 4 0 18
0 4 0 14
7 4 7 4
2 1 2 1
2 7 2 7

0 22 0 72
0 64 0 8
4 6 4 6
0 46 0 18
0 4 0 14
7 6 7 6
2 8 2 8
0 8 0 38
0 6 0 32
0 22 0 10
5 6 5 6
0 6 0 16
0 14 0 2
1 2 1 2
7 5 7 5
3 3 3 3
3 3 3 3
4 1 4 1
0 6 0 16
0 12 0 4
2 7 2 7
6 2 6 2
3 4 3 4

0 58 0 39
0 30 0 9
4 3 4 3
0 18 0 12
6 5 6 5
0 8 0 10
5 4 5 4
4 3 4 3
0 6 0 52
0 50 0 2
1 1 1 1
0 36 0 14
7 5 7 5
0 32 0 4
2 8 2 8
0 10 0 22
0 16 0 6
3 10 3 10
0 14 0 2
1 9 1 9
7 8 7 8
5 2 5 2
3 8 3 8

4 6 4 6

0 12 0 20
0 8 0 12
6 3 6 3
4 6 4 6
6 1 6 1

0 2 0 31
0 24 0 7
3 10 3 10
0 14 0 10
5 1 5 1
7 2 7 2
1 3 1 3

0 26 0 9
4 5 4 5
0 14 0 12
6 3 6 3
7 8 7 8

0 4 0 40
0 12 0 28
0 24 0 4
2 7 2 7
0 20 0 4
2 2 2 2
0 18 0 2
1 8 1 8
0 8 0 10
5 10 5 10
4 10 4 10
6 8 6 8
2 3 2 3

0 36 0 45
0 14 0 31
0 24 0 7
3 8 3 8
0 6 0 18
0 14 0 4
2 9 2 9
7 4 7 4
3 3 3 3
7 5 7 5
0 8 0 28
0 8 0 20
0 10 0 10
5 4 5 4
5 5 5 5
4 2 4 2
4 4 4 4

0 48 0 11
5 9 5 9
0 18 0 30
0 16 0 14
7 4 7 4
0 10 0 6
3 6 3 6
5 3 5 3
0 18 0 0
1 10 1 10
0 2 0 16
0 10 0 6
3 8 3 8
5 8 5 8
1 7 1 7

5 9 5 9

0 24 0 31
0 18 0 13
6 7 6 7
0 16 0 2
1 1 1 1
0 2 0 14
7 8 7 8
1 9 1 9
0 2 0 22
0 18 0 4
2 10 2 10
0 16 0 2
1 4 1 4
0 2 0 14
7 7 7 7
1 4 1 4
1 10 1 10

0 6 0 88
0 30 0 58
0 18 0 40
0 24 0 16
0 16 0 0
1 7 1 7
0 2 0 14
7 7 7 7
1 4 1 4
0 16 0 8
4 3 4 3
0 6 0 10
5 6 5 6
3 2 3 2
0 6 0 12
6 7 6 7
3 7 3 7
0 18 0 12
6 10 6 10
0 16 0 2
1 1 1 1
0 10 0 6
3 2 3 2
5 8 5 8
3 7 3 7

0 6 0 47
0 4 0 43
0 16 0 27
0 22 0 5
2 6 2 6
0 10 0 12
6 9 6 9
5 2 5 2
0 2 0 14
7 9 7 9
1 8 1 8
2 8 2 8
3 8 3 8

0 2 0 71
0 54 0 17
0 12 0 5
2 10 2 10
6 10 6 10
0 4 0 50
0 22 0 28
0 24 0 4
2 6 2 6
0 20 0 4
2 3 2 3
0 16 0 4
2 5 2 5
0 8 0 8
4 6 4 6
4 5 4 5
0 14 0 8
4 3 4 3
7 1 7 1
2 3 2 3
1 6 1 6

0 4 0 68
0 38 0 30
0 20 0 10
5 10 5 10
0 12 0 8
4 3 4 3
6 10 6 10
0 30 0 8
4 7 4 7
0 10 0 20
0 14 0 6
3 2 3 2
7 4 7 4
5 5 5 5
2 1 2 1

0 14 0 36
0 26 0 10
5 4 5 4
0 24 0 2
1 6 1 6
0 24 0 0
1 4 1 4
0 22 0 2
1 2 1 2
0 16 0 6
3 5 3 5
0 8 0 8
4 3 4 3
4 6 4 6
7 8 7 8

0 20 0 54
0 44 0 10
5 2 5 2
0 6 0 38
0 4 0 34
0 14 0 20
0 4 0 16
0 4 0 12
6 6 6 6
2 7 2 7
2 5 2 5
7 9 7 9
2 9 2 9
3 10 3 10
0 10 0 10
5 2 5 2
5 8 5 8

0 10 0 25
0 4 0 21
0 20 0 1
1 1 1 1
0 12 0 8
4 2 4 2
6 8 6 8
2 5 2 5
5 6 5 6

2 10 2 10

0 10 0 8
4 2 4 2
5 7 5 7

0 18 0 46
0 42 0 4
2 4 2 4
0 6 0 36
0 24 0 12
6 4 6 4
0 4 0 20
0 10 0 10
5 1 5 1
5 5 5 5
2 1 2 1
3 1 3 1
0 4 0 14
7 8 7 8
2 1 2 1

0 22 0 46
0 10 0 36
0 24 0 12
6 2 6 2
0 8 0 16
0 14 0 2
1 5 1 5
7 7 7 7
4 5 4 5
5 4 5 4
0 18 0 4
2 7 2 7
0 8 0 10
5 5 5 5
4 2 4 2

0 24 0 37
0 8 0 29
0 12 0 17
0 16 0 1
1 7 1 7
0 6 0 10
5 2 5 2
3 6 3 6
6 4 6 4
4 3 4 3
0 22 0 2
1 8 1 8
0 22 0 0
1 6 1 6
0 14 0 8
4 9 4 9
7 3 7 3

0 2 0 66
0 26 0 40
0 38 0 2
1 10 1 10
0 34 0 4
2 7 2 7
0 8 0 26
0 18 0 8
4 4 4 4
0 12 0 6
3 1 3 1
6 4 6 4
4 3 4 3
0 16 0 10
5 10 5 10
0 4 0 12
6 6 6 6
2 3 2 3
1 3 1 3

0 50 0 5
2 8 2 8
0 44 0 6
3 4 3 4
0 10 0 34
0 22 0 12
6 9 6 9
0 22 0 0
1 5 1 5
0 14 0 8
4 8 4 8
7 4 7 4
5 6 5 6

0 58 0 9
4 9 4 9
0 8 0 50
0 26 0 24
0 6 0 18
0 6 0 12
6 1 6 1
3 4 3 4
3 2 3 2
0 16 0 10
5 7 5 7
0 10 0 6
3 1 3 1
5 5 5 5
4 7 4 7

0 4 0 56
0 22 0 34
0 4 0 30
0 22 0 8
4 9 4 9
0 8 0 14
7 4 7 4
4 2 4 2
2 2 2 2
0 18 0 4
2 6 2 6
0 10 0 8
4 6 4 6
5 8 5 8
2 3 2 3

0 70 0 17
0 2 0 15
7 9 7 9
1 1 1 1
0 24 0 46
0 20 0 26
0 12 0 14
7 9 7 9
6 9 6 9
0 2 0 18
0 12 0 6
3 4 3 4
6 5 6 5
1 10 1 10
0 24 0 0
1 9 1 9
0 10 0 14
7 10 7 10
5 7 5 7

0 60 0 6
3 6 3 6
0 44 0 16
0 8 0 8
4 3 4 3
4 7 4 7
0 14 0 30
0 14 0 16
0 6 0 10
5 10 5 10
3 8 3 8
7 6 7 6
7 10 7 10

0 10 0 74
0 68 0 6
3 10 3 10
0 56 0 12
6 9 6 9
0 10 0 46
0 14 0 32
0 6 0 26
0 10 0 16
0 8 0 8
4 1 4 1
4 3 4 3
5 6 5 6
3 1 3 1
7 9 7 9
5 7 5 7
5 7 5 7

1 6 1 6

0 44 0 1
1 10 1 10
0 16 0 28
0 22 0 6
3 10 3 10
0 6 0 16
0 16 0 0
1 7 1 7
0 4 0 12
6 5 6 5
2 4 2 4
3 5 3 5
0 4 0 12
6 7 6 7
2 5 2 5

0 2 0 30
0 6 0 24
0 20 0 4
2 8 2 8
0 18 0 2
1 5 1 5
0 8 0 10
5 6 5 6
4 7 4 7
3 6 3 6
1 7 1 7

0 64 0 11
5 2 5 2
0 2 0 62
0 34 0 28
0 24 0 4
2 8 2 8
0 12 0 12
6 3 6 3
6 4 6 4
0 16 0 18
0 10 0 8
4 2 4 2
5 2 5 2
0 12 0 4
2 7 2 7
6 7 6 7
1 10 1 10

0 18 0 77
0 38 0 39
0 10 0 29
0 2 0 27
0 22 0 5
2 2 2 2
0 4 0 18
0 6 0 12
6 8 6 8
3 2 3 2
2 5 2 5
1 2 1 2
5 4 5 4
0 4 0 34
0 14 0 20
0 6 0 14
7 7 7 7
3 8 3 8
7 9 7 9
2 9 2 9
0 10 0 8
4 4 4 4
5 8 5 8

0 40 0 14
7 3 7 3
0 28 0 12
6 9 6 9
0 4 0 24
0 16 0 8
4 7 4 7
0 6 0 10
5 2 5 2
3 8 3 8
2 6 2 6

0 24 0 42
0 10 0 32
0 4 0 28
0 6 0 22
0 10 0 12
6 7 6 7
5 5 5 5
3 5 3 5
2 1 2 1
5 3 5 3
0 10 0 14
7 9 7 9
5 9 5 9

0 28 0 5
2 3 2 3
0 14 0 14
7 7 7 7
7 5 7 5

0 38 0 58
0 26 0 32
0 12 0 20
0 16 0 4
2 9 2 9
0 16 0 0
1 8 1 8
0 14 0 2
1 4 1 4
7 5 7 5
6 3 6 3
0 22 0 4
2 10 2 10
0 14 0 8
4 3 4 3
7 1 7 1
0 6 0 32
0 20 0 12
6 3 6 3
0 10 0 10
5 1 5 1
5 2 5 2
3 9 3 9

0 28 0 63
0 34 0 29
0 22 0 7
3 4 3 4
0 14 0 8
4 7 4 7
7 9 7 9
0 32 0 2
1 6 1 6
0 30 0 2
1 1 1 1
0 4 0 26
0 22 0 4
2 10 2 10
0 18 0 4
2 5 2 5
0 6 0 12
6 5 6 5
3 3 3 3
2 2 2 2
0 14 0 14
7 8 7 8
7 1 7 1

0 16 0 83
0 28 0 55
0 16 0 39
0 4 0 35
0 8 0 27
0 14 0 13
6 6 6 6
7 4 7 4
4 1 4 1
2 9 2 9
0 2 0 14
7 7 7 7
1 6 1 6
0 6 0 22
0 2 0 20
0 2 0 18
0 18 0 0
1 9 1 9
0 16 0 2
1 2 1 2
0 6 0 10
5 3 5 3
3 8 3 8
1 4 1 4
1 1 1 1
3 2 3 2
0 4 0 12
6 5 6 5
2 4 2 4

0 50 0 20
0 16 0 4
2 7 2 7
0 2 0 14
7 3 7 3
1 7 1 7
0 38 0 12
6 8 6 8
0 24 0 14
7 1 7 1
0 14 0 10
5 6 5 6
7 7 7 7

0 66 0 11
5 7 5 7
0 56 0 10
5 10 5 10
0 46 0 10
5 6 5 6
0 10 0 36
0 6 0 30
0 16 0 14
7 9 7 9
0 16 0 0
1 1 1 1
0 2 0 14
7 8 7 8
1 8 1 8
3 1 3 1
5 1 5 1

0 38 0 51
0 44 0 7
3 3 3 3
0 4 0 40
0 14 0 26
0 12 0 14
7 5 7 5
6 7 6 7
7 7 7 7
2 1 2 1
0 36 0 2
1 2 1 2
0 32 0 4
2 10 2 10
0 6 0 26
0 8 0 18
0 14 0 4
2 9 2 9
7 4 7 4
4 2 4 2
3 1 3 1

0 2 0 27
0 4 0 23
0 18 0 5
2 3 2 3
0 16 0 2
1 5 1 5
0 12 0 4
2 1 2 1
6 2 6 2
2 9 2 9
1 4 1 4

0 8 0 34
0 34 0 0
1 9 1 9
0 26 0 8
4 2 4 2
0 6 0 20
0 20 0 0
1 10 1 10
0 10 0 10
5 7 5 7
5 2 5 2
3 2 3 2
4 9 4 9

0 8 0 9
4 8 4 8
4 10 4 10

0 34 0 21
0 2 0 19
0 2 0 17
0 2 0 15
7 4 7 4
1 8 1 8
1 5 1 5
1 2 1 2
0 22 0 12
6 10 6 10
0 14 0 8
4 10 4 10
7 8 7 8

0 68 0 7
3 7 3 7
0 48 0 20
0 2 0 18
0 8 0 10
5 5 5 5
4 6 4 6
1 6 1 6
0 22 0 26
0 18 0 8
4 2 4 2
0 14 0 4
2 5 2 5
7 6 7 6
0 16 0 6
3 2 3 2
0 6 0 10
5 1 5 1
3 6 3 6

0 22 0 14
7 6 7 6
0 12 0 10
5 8 5 8
6 3 6 3

0 24 0 69
0 46 0 23
0 4 0 19
0 14 0 5
2 1 2 1
7 7 7 7
2 4 2 4
0 6 0 40
0 26 0 14
7 9 7 9
0 12 0 14
7 9 7 9
6 5 6 5
3 8 3 8
0 2 0 22
0 18 0 4
2 8 2 8
0 8 0 10
5 7 5 7
4 9 4 9
1 1 1 1

0 4 0 16
0 8 0 8
4 2 4 2
4 7 4 7
2 7 2 7

0 54 0 39
0 36 0 3
1 3 1 3
0 10 0 26
0 22 0 4
2 7 2 7
0 20 0 2
1 2 1 2
0 4 0 16
0 4 0 12
6 8 6 8
2 4 2 4
2 5 2 5
5 6 5 6
0 54 0 0
1 8 1 8
0 42 0 12
6 2 6 2
0 36 0 6
3 9 3 9
0 20 0 16
0 2 0 14
7 10 7 10
1 7 1 7
0 4 0 16
0 2 0 14
7 7 7 7
1 4 1 4
2 2 2 2

0 2 0 37
0 22 0 15
7 3 7 3
0 18 0 4
2 8 2 8
0 16 0 2
1 5 1 5
0 8 0 8
4 9 4 9
4 8 4 8
1 6 1 6

0 16 0 82
0 28 0 54
0 8 0 46
0 20 0 26
0 2 0 24
0 10 0 14
7 8 7 8
5 3 5 3
1 4 1 4
0 2 0 18
0 16 0 2
1 8 1 8
0 2 0 14
7 7 7 7
1 10 1 10
1 9 1 9
4 1 4 1
0 14 0 14
7 10 7 10
7 7 7 7
0 2 0 14
7 1 7 1
1 9 1 9

0 32 0 12
6 4 6 4
0 22 0 10
5 10 5 10
0 8 0 14
7 8 7 8
4 9 4 9

0 26 0 11
5 5 5 5
0 6 0 20
0 20 0 0
1 9 1 9
0 10 0 10
5 1 5 1
5 10 5 10
3 4 3 4

0 2 0 59
0 16 0 43
0 8 0 35
0 18 0 17
0 10 0 7
3 10 3 10
5 8 5 8
0 14 0 4
2 7 2 7
7 5 7 5
4 2 4 2
0 8 0 8
4 8 4 8
4 2 4 2
1 8 1 8

0 30 0 67
0 42 0 25
0 22 0 3
1 3 1 3
0 20 0 2
1 4 1 4
0 2 0 18
0 16 0 2
1 2 1 2
0 4 0 12
6 10 6 10
2 10 2 10
1 8 1 8
0 16 0 26
0 20 0 6
3 7 3 7
0 12 0 8
4 4 4 4
6 7 6 7
0 4 0 12
6 8 6 8
2 3 2 3
0 26 0 4
2 3 2 3
0 14 0 12
6 1 6 1
7 8 7 8

0 2 0 21
0 2 0 19
0 12 0 7
3 2 3 2
6 6 6 6
1 3 1 3
1 1 1 1

0 12 0 68
0 60 0 8
4 9 4 9
0 54 0 6
3 5 3 5
0 20 0 34
0 14 0 20
0 10 0 10
5 8 5 8
5 9 5 9
7 7 7 7
0 8 0 12
6 2 6 2
4 1 4 1
6 2 6 2

0 28 0 33
0 2 0 31
0 14 0 17
0 10 0 7
3 3 3 3
5 2 5 2
7 5 7 5
1 8 1 8
0 28 0 0
1 9 1 9
0 26 0 2
1 2 1 2
0 14 0 12
6 9 6 9
7 6 7 6

0 14 0 38
0 18 0 20
0 4 0 16
0 8 0 8
4 1 4 1
4 6 4 6
2 9 2 9
0 4 0 14
7 5 7 5
2 5 2 5
7 4 7 4

0 26 0 60
0 30 0 30
0 4 0 26
0 4 0 22
0 6 0 16
0 12 0 4
2 1 2 1
6 1 6 1
3 6 3 6
2 6 2 6
2 5 2 5
0 10 0 20
0 14 0 6
3 9 3 9
7 2 7 2
5 9 5 9
0 8 0 18
0 2 0 16
0 6 0 10
5 2 5 2
3 10 3 10
1 6 1 6
4 8 4 8

0 4 0 84
0 64 0 20
0 2 0 18
0 10 0 8
4 8 4 8
5 3 5 3
1 2 1 2
0 28 0 36
0 26 0 10
5 8 5 8
0 4 0 22
0 4 0 18
0 6 0 12
6 7 6 7
3 7 3 7
2 3 2 3
2 2 2 2
0 18 0 10
5 9 5 9
0 18 0 0
1 10 1 10
0 4 0 14
7 4 7 4
2 9 2 9
2 4 2 4

0 48 0 28
0 20 0 8
4 6 4 6
0 14 0 6
3 1 3 1
7 5 7 5
0 38 0 10
5 8 5 8
0 30 0 8
4 7 4 7
0 6 0 24
0 6 0 18
0 16 0 2
1 6 1 6
0 12 0 4
2 7 2 7
6 3 6 3
3 2 3 2
3 2 3 2

0 62 0 10
5 7 5 7
0 24 0 38
0 28 0 10
5 6 5 6
0 22 0 6
3 3 3 3
0 18 0 4
2 10 2 10
0 14 0 4
2 6 2 6
7 7 7 7
0 10 0 14
7 6 7 6
5 6 5 6

0 28 0 52
0 24 0 28
0 14 0 14
7 3 7 3
7 6 7 6
0 18 0 6
3 3 3 3
0 18 0 0
1 5 1 5
0 4 0 14
7 1 7 1
2 9 2 9
0 8 0 20
0 16 0 4
2 9 2 9
0 12 0 4
2 8 2 8
6 9 6 9
4 3 4 3

1 6 1 6

7 7 7 7

0 20 0 34
0 32 0 2
1 9 1 9
0 14 0 18
0 6 0 12
6 6 6 6
3 4 3 4
7 3 7 3
0 6 0 14
7 5 7 5
3 6 3 6

0 6 0 63
0 14 0 49
0 12 0 37
0 16 0 21
0 12 0 9
4 8 4 8
6 6 6 6
0 10 0 6
3 9 3 9
5 6 5 6
6 3 6 3
7 5 7 5
3 6 3 6

0 18 0 9
4 6 4 6
0 10 0 8
4 10 4 10
5 9 5 9

0 48 0 2
1 10 1 10
0 44 0 4
2 8 2 8
0 18 0 26
0 16 0 10
5 3 5 3
0 16 0 0
1 2 1 2
0 4 0 12
6 8 6 8
2 7 2 7
0 16 0 2
1 1 1 1
0 6 0 10
5 7 5 7
3 4 3 4

0 12 0 54
0 40 0 14
7 7 7 7
0 28 0 12
6 8 6 8
0 6 0 22
0 14 0 8
4 9 4 9
7 1 7 1
3 6 3 6
6 3 6 3

0 18 0 3
1 8 1 8
0 2 0 16
0 8 0 8
4 8 4 8
4 7 4 7
1 5 1 5

0 16 0 82
0 42 0 40
0 20 0 20
0 6 0 14
7 4 7 4
3 4 3 4
0 10 0 10
5 5 5 5
5 2 5 2
0 22 0 20
0 14 0 6
3 10 3 10
7 3 7 3
0 22 0 0
1 2 1 2
0 14 0 8
4 8 4 8
7 1 7 1
0 6 0 10
5 5 5 5
3 8 3 8

0 44 0 27
0 18 0 9
4 5 4 5
0 18 0 0
1 8 1 8
0 2 0 16
0 10 0 6
3 7 3 7
5 2 5 2
1 3 1 3
0 22 0 22
0 6 0 16
0 14 0 2
1 6 1 6
7 5 7 5
3 10 3 10
0 18 0 4
2 9 2 9
0 4 0 14
7 9 7 9
2 4 2 4

3 2 3 2

0 84 0 9
4 1 4 1
0 44 0 40
0 14 0 26
0 8 0 18
0 16 0 2
1 5 1 5
0 14 0 2
1 9 1 9
7 5 7 5
4 2 4 2
7 7 7 7
0 14 0 30
0 12 0 18
0 4 0 14
7 8 7 8
2 4 2 4
6 7 6 7
7 3 7 3

0 12 0 20
0 12 0 8
4 8 4 8
6 7 6 7
6 4 6 4

0 26 0 7
3 6 3 6
0 10 0 16
0 10 0 6
3 7 3 7
5 3 5 3
5 6 5 6

0 46 0 23
0 18 0 5
2 6 2 6
0 8 0 10
5 5 5 5
4 5 4 5
0 38 0 8
4 10 4 10
0 22 0 16
0 4 0 12
6 5 6 5
2 3 2 3
0 22 0 0
1 8 1 8
0 8 0 14
7 7 7 7
4 2 4 2

0 40 0 19
0 12 0 7
3 9 3 9
6 10 6 10
0 2 0 38
0 38 0 0
1 8 1 8
0 20 0 18
0 6 0 12
6 10 6 10
3 3 3 3
0 10 0 10
5 9 5 9
5 5 5 5
1 2 1 2

0 34 0 38
0 20 0 18
0 6 0 12
6 1 6 1
3 8 3 8
0 12 0 8
4 9 4 9
6 10 6 10
0 8 0 26
0 22 0 4
2 10 2 10
0 18 0 4
2 5 2 5
0 2 0 16
0 6 0 10
5 5 5 5
3 10 3 10
1 8 1 8
4 3 4 3

0 18 0 7
3 4 3 4
0 18 0 0
1 5 1 5
0 12 0 6
3 7 3 7
6 8 6 8

0 32 0 50
0 38 0 12
6 7 6 7
0 22 0 16
0 12 0 4
2 6 2 6
6 1 6 1
0 20 0 2
1 5 1 5
0 8 0 12
6 6 6 6
4 3 4 3
0 4 0 28
0 16 0 12
6 6 6 6
0 6 0 10
5 2 5 2
3 6 3 6
2 7 2 7

0 48 0 19
0 10 0 9
4 2 4 2
5 1 5 1
0 20 0 28
0 16 0 12
6 6 6 6
0 12 0 4
2 10 2 10
6 5 6 5
0 16 0 4
2 6 2 6
0 10 0 6
3 10 3 10
5 7 5 7

5 1 5 1

0 62 0 11
5 5 5 5
0 30 0 32
0 22 0 10
5 8 5 8
0 16 0 6
3 9 3 9
0 8 0 8
4 5 4 5
4 1 4 1
0 18 0 12
6 9 6 9
0 14 0 4
2 5 2 5
7 1 7 1

0 20 0 24
0 22 0 2
1 3 1 3
0 14 0 8
4 8 4 8
7 4 7 4
0 2 0 18
0 16 0 2
1 7 1 7
0 8 0 8
4 4 4 4
4 10 4 10
1 1 1 1

0 22 0 40
0 14 0 26
0 24 0 2
1 2 1 2
0 14 0 10
5 2 5 2
7 5 7 5
7 9 7 9
0 20 0 2
1 10 1 10
0 4 0 16
0 8 0 8
4 8 4 8
4 8 4 8
2 6 2 6

0 18 0 6
3 8 3 8
0 14 0 4
2 8 2 8
7 5 7 5

0 10 0 82
0 10 0 72
0 32 0 40
0 2 0 38
0 22 0 16
0 6 0 10
5 5 5 5
3 10 3 10
0 6 0 16
0 10 0 6
3 3 3 3
5 4 5 4
3 8 3 8
1 1 1 1
0 4 0 28
0 26 0 2
1 4 1 4
0 16 0 10
5 8 5 8
0 4 0 12
6 1 6 1
2 5 2 5
2 10 2 10
5 10 5 10
5 6 5 6

0 20 0 29
0 18 0 11
5 8 5 8
0 12 0 6
3 4 3 4
6 1 6 1
0 14 0 6
3 3 3 3
7 8 7 8

0 18 0 13
6 1 6 1
0 6 0 12
6 6 6 6
3 3 3 3

0 38 0 34
0 2 0 32
0 14 0 18
0 14 0 4
2 3 2 3
7 1 7 1
7 4 7 4
1 9 1 9
0 6 0 32
0 16 0 16
0 16 0 0
1 6 1 6
0 16 0 0
1 6 1 6
0 12 0 4
2 4 2 4
6 7 6 7
0 12 0 4
2 2 2 2
6 8 6 8
3 6 3 6

0 72 0 3
1 3 1 3
0 36 0 36
0 2 0 34
0 6 0 28
0 24 0 4
2 1 2 1
0 14 0 10
5 2 5 2
7 2 7 2
3 6 3 6
1 10 1 10
0 6 0 30
0 26 0 4
2 9 2 9
0 14 0 12
6 6 6 6
7 1 7 1
3 10 3 10

0 26 0 18
0 6 0 12
6 9 6 9
3 9 3 9
0 2 0 24
0 16 0 8
4 6 4 6
0 4 0 12
6 8 6 8
2 3 2 3
1 10 1 10

0 22 0 7
3 1 3 1
0 10 0 12
6 7 6 7
5 2 5 2

0 6 0 10
5 4 5 4
3 8 3 8

0 2 0 38
0 8 0 30
0 12 0 18
0 2 0 16
0 10 0 6
3 2 3 2
5 2 5 2
1 7 1 7
6 7 6 7
4 9 4 9
1 1 1 1

0 6 0 11
5 4 5 4
3 2 3 2

0 12 0 43
0 34 0 9
4 6 4 6
0 22 0 12
6 3 6 3
0 20 0 2
1 6 1 6
0 2 0 18
0 4 0 14
7 6 7 6
2 7 2 7
1 10 1 10
6 5 6 5

0 60 0 9
4 8 4 8
0 36 0 24
0 18 0 6
3 8 3 8
0 14 0 4
2 5 2 5
7 10 7 10
0 18 0 18
0 2 0 16
0 10 0 6
3 1 3 1
5 8 5 8
1 3 1 3
0 4 0 14
7 6 7 6
2 2 2 2

0 38 0 2
1 2 1 2
0 30 0 8
4 4 4 4
0 8 0 22
0 12 0 10
5 2 5 2
6 10 6 10
4 1 4 1

0 16 0 74
0 56 0 18
0 18 0 0
1 7 1 7
0 16 0 2
1 9 1 9
0 14 0 2
1 7 1 7
7 6 7 6
0 26 0 30
0 12 0 18
0 12 0 6
3 5 3 5
6 1 6 1
6 10 6 10
0 14 0 12
6 7 6 7
7 6 7 6
0 12 0 4
2 8 2 8
6 1 6 1

0 16 0 25
0 4 0 21
0 8 0 13
6 4 6 4
4 2 4 2
2 6 2 6
0 12 0 4
2 4 2 4
6 7 6 7

0 20 0 27
0 26 0 1
1 2 1 2
0 14 0 12
6 3 6 3
7 2 7 2
0 16 0 4
2 9 2 9
0 6 0 10
5 8 5 8
3 5 3 5

0 4 0 42
0 36 0 6
3 7 3 7
0 16 0 20
0 8 0 12
6 2 6 2
4 2 4 2
0 6 0 10
5 10 5 10
3 8 3 8
2 6 2 6

0 22 0 2
1 4 1 4
0 10 0 12
6 7 6 7
5 7 5 7

0 2 0 16
0 10 0 6
3 2 3 2
5 2 5 2
1 6 1 6

0 22 0 19
0 14 0 5
2 4 2 4
7 9 7 9
0 16 0 6
3 1 3 1
0 12 0 4
2 10 2 10
6 7 6 7

0 14 0 46
0 24 0 22
0 10 0 12
6 7 6 7
5 9 5 9
0 6 0 18
0 2 0 16
0 6 0 10
5 7 5 7
3 6 3 6
1 4 1 4
3 5 3 5
7 10 7 10

0 24 0 48
0 22 0 26
0 4 0 22
0 8 0 14
7 5 7 5
4 9 4 9
2 9 2 9
0 18 0 4
2 8 2 8
0 4 0 14
7 8 7 8
2 6 2 6
0 14 0 10
5 2 5 2
7 8 7 8

0 20 0 20
0 4 0 16
0 8 0 8
4 6 4 6
4 7 4 7
2 1 2 1
0 14 0 6
3 4 3 4
7 10 7 10

0 30 0 34
0 8 0 26
0 24 0 2
1 2 1 2
0 2 0 22
0 2 0 20
0 10 0 10
5 7 5 7
5 7 5 7
1 3 1 3
1 7 1 7
4 6 4 6
0 8 0 22
0 8 0 14
7 7 7 7
4 2 4 2
4 3 4 3

0 82 0 6
3 2 3 2
0 10 0 72
0 24 0 48
0 30 0 18
0 14 0 4
2 7 2 7
7 3 7 3
0 2 0 28
0 12 0 16
0 16 0 0
1 7 1 7
0 8 0 8
4 4 4 4
4 10 4 10
6 2 6 2
1 10 1 10
0 18 0 6
3 2 3 2
0 16 0 2
1 3 1 3
0 8 0 8
4 5 4 5
4 2 4 2
5 1 5 1

0 2 0 30
0 12 0 18
0 16 0 2
1 1 1 1
0 2 0 14
7 3 7 3
1 2 1 2
6 1 6 1
1 9 1 9

0 72 0 26
0 2 0 24
0 6 0 18
0 12 0 6
3 8 3 8
6 1 6 1
3 9 3 9
1 2 1 2
0 16 0 56
0 44 0 12
6 9 6 9
0 14 0 30
0 20 0 10
5 3 5 3
0 16 0 4
2 9 2 9
0 12 0 4
2 1 2 1
6 5 6 5
7 7 7 7
0 16 0 0
1 3 1 3
0 6 0 10
5 6 5 6
3 7 3 7

0 22 0 75
0 18 0 57
0 36 0 21
0 20 0 1
1 4 1 4
0 6 0 14
7 6 7 6
3 2 3 2
0 4 0 32
0 28 0 4
2 8 2 8
0 24 0 4
2 8 2 8
0 22 0 2
1 9 1 9
0 6 0 16
0 10 0 6
3 8 3 8
5 7 5 7
3 1 3 1
2 1 2 1
0 6 0 12
6 2 6 2
3 9 3 9
0 20 0 2
1 10 1 10
0 10 0 10
5 7 5 7
5 2 5 2

4 8 4 8

0 30 0 30
0 22 0 8
4 8 4 8
0 14 0 8
4 8 4 8
7 8 7 8
0 14 0 16
0 6 0 10
5 2 5 2
3 7 3 7
7 3 7 3

0 16 0 16
0 14 0 2
1 7 1 7
7 5 7 5
0 14 0 2
1 4 1 4
7 6 7 6

0 42 0 53
0 8 0 45
0 22 0 23
0 4 0 19
0 4 0 15
7 7 7 7
2 4 2 4
2 3 2 3
0 10 0 12
6 4 6 4
5 1 5 1
4 9 4 9
0 34 0 8
4 9 4 9
0 14 0 20
0 6 0 14
7 7 7 7
3 5 3 5
7 3 7 3

0 76 0 3
1 4 1 4
0 58 0 18
0 4 0 14
7 5 7 5
2 7 2 7
0 46 0 12
6 3 6 3
0 20 0 26
0 12 0 14
7 7 7 7
6 10 6 10
0 18 0 2
1 8 1 8
0 6 0 12
6 9 6 9
3 9 3 9

5 9 5 9

0 10 0 64
0 26 0 38
0 24 0 14
7 6 7 6
0 4 0 20
0 20 0 0
1 6 1 6
0 8 0 12
6 10 6 10
4 10 4 10
2 10 2 10
0 8 0 18
0 2 0 16
0 8 0 8
4 2 4 2
4 7 4 7
1 7 1 7
4 1 4 1
5 5 5 5

0 62 0 14
7 3 7 3
0 20 0 42
0 24 0 18
0 14 0 4
2 4 2 4
7 7 7 7
0 14 0 10
5 4 5 4
7 8 7 8
0 18 0 2
1 9 1 9
0 14 0 4
2 3 2 3
7 10 7 10

0 58 0 26
0 16 0 10
5 8 5 8
0 8 0 8
4 6 4 6
4 9 4 9
0 32 0 26
0 8 0 18
0 8 0 10
5 3 5 3
4 10 4 10
4 10 4 10
0 30 0 2
1 10 1 10
0 26 0 4
2 5 2 5
0 4 0 22
0 16 0 6
3 1 3 1
0 2 0 14
7 1 7 1
1 2 1 2
2 4 2 4

0 14 0 3
1 10 1 10
7 6 7 6

0 16 0 35
0 34 0 1
1 6 1 6
0 24 0 10
5 7 5 7
0 8 0 16
0 2 0 14
7 10 7 10
1 5 1 5
4 6 4 6
0 4 0 12
6 5 6 5
2 10 2 10

0 50 0 12
6 5 6 5
0 10 0 40
0 12 0 28
0 2 0 26
0 6 0 20
0 8 0 12
6 10 6 10
4 9 4 9
3 9 3 9
1 3 1 3
6 2 6 2
5 6 5 6

0 26 0 7
3 7 3 7
0 16 0 10
5 4 5 4
0 14 0 2
1 10 1 10
7 3 7 3

0 2 0 30
0 4 0 26
0 8 0 18
0 18 0 0
1 9 1 9
0 8 0 10
5 9 5 9
4 8 4 8
4 2 4 2
2 9 2 9
1 6 1 6

0 70 0 15
7 9 7 9
0 46 0 24
0 20 0 4
2 8 2 8
0 14 0 6
3 8 3 8
7 9 7 9
0 30 0 16
0 6 0 10
5 8 5 8
3 8 3 8
0 16 0 14
7 8 7 8
0 2 0 14
7 4 7 4
1 4 1 4

0 54 0 36
0 2 0 34
0 4 0 30
0 26 0 4
2 4 2 4
0 14 0 12
6 1 6 1
7 1 7 1
2 10 2 10
1 2 1 2
0 36 0 18
0 14 0 4
2 5 2 5
7 1 7 1
0 22 0 14
7 8 7 8
0 10 0 12
6 10 6 10
5 10 5 10

0 38 0 16
0 4 0 12
6 3 6 3
2 6 2 6
0 34 0 4
2 4 2 4
0 18 0 16
0 12 0 4
2 10 2 10
6 7 6 7
0 4 0 14
7 4 7 4
2 7 2 7

0 6 0 22
0 4 0 18
0 8 0 10
5 9 5 9
4 5 4 5
2 8 2 8
3 10 3 10

0 72 0 27
0 20 0 7
3 6 3 6
0 18 0 2
1 10 1 10
0 10 0 8
4 9 4 9
5 5 5 5
0 28 0 44
0 28 0 16
0 6 0 10
5 10 5 10
3 2 3 2
0 6 0 22
0 2 0 20
0 14 0 6
3 8 3 8
7 2 7 2
1 9 1 9
3 9 3 9
0 20 0 8
4 2 4 2
0 14 0 6
3 7 3 7
7 4 7 4

6 8 6 8

0 32 0 60
0 14 0 46
0 8 0 38
0 20 0 18
0 10 0 8
4 10 4 10
5 6 5 6
0 14 0 6
3 5 3 5
7 6 7 6
4 3 4 3
7 4 7 4
0 10 0 22
0 14 0 8
4 6 4 6
7 4 7 4
5 1 5 1

0 26 0 30
0 18 0 12
6 8 6 8
0 8 0 10
5 9 5 9
4 7 4 7
0 6 0 20
0 16 0 4
2 8 2 8
0 4 0 12
6 5 6 5
2 10 2 10
3 9 3 9

0 8 0 60
0 40 0 20
0 6 0 14
7 4 7 4
3 1 3 1
0 28 0 12
6 7 6 7
0 14 0 14
7 9 7 9
7 1 7 1
4 9 4 9

0 4 0 39
0 36 0 3
1 8 1 8
0 14 0 22
0 8 0 14
7 10 7 10
4 10 4 10
7 7 7 7
2 10 2 10

0 16 0 54
0 14 0 40
0 22 0 18
0 2 0 16
0 2 0 14
7 6 7 6
1 9 1 9
1 6 1 6
0 2 0 20
0 4 0 16
0 14 0 2
1 3 1 3
7 9 7 9
2 2 2 2
1 8 1 8
7 3 7 3
0 16 0 0
1 4 1 4
0 14 0 2
1 4 1 4
7 9 7 9

0 18 0 39
0 26 0 13
6 9 6 9
0 6 0 20
0 6 0 14
7 8 7 8
3 5 3 5
3 10 3 10
0 12 0 6
3 6 3 6
6 2 6 2

0 16 0 1
1 8 1 8
0 6 0 10
5 1 5 1
3 8 3 8

0 6 0 60
0 42 0 18
0 6 0 12
6 6 6 6
3 5 3 5
0 38 0 4
2 5 2 5
0 6 0 32
0 30 0 2
1 9 1 9
0 20 0 10
5 1 5 1
0 2 0 18
0 14 0 4
2 3 2 3
7 7 7 7
1 10 1 10
3 1 3 1
3 10 3 10

0 8 0 43
0 32 0 11
5 9 5 9
0 20 0 12
6 10 6 10
0 10 0 10
5 6 5 6
5 4 5 4
4 9 4 9

0 10 0 9
4 8 4 8
5 5 5 5

0 68 0 11
5 4 5 4
0 50 0 18
0 4 0 14
7 8 7 8
2 7 2 7
0 16 0 34
0 22 0 12
6 4 6 4
0 12 0 10
5 4 5 4
6 3 6 3
0 10 0 6
3 8 3 8
5 5 5 5

0 56 0 32
0 22 0 10
5 7 5 7
0 22 0 0
1 8 1 8
0 8 0 14
7 2 7 2
4 1 4 1
0 34 0 22
0 20 0 2
1 7 1 7
0 8 0 12
6 8 6 8
4 7 4 7
0 10 0 24
0 12 0 12
6 8 6 8
6 7 6 7
5 9 5 9

7 1 7 1

0 6 0 92
0 90 0 2
1 5 1 5
0 38 0 52
0 34 0 18
0 18 0 0
1 9 1 9
0 6 0 12
6 10 6 10
3 7 3 7
0 2 0 32
0 22 0 10
5 4 5 4
0 20 0 2
1 2 1 2
0 6 0 14
7 8 7 8
3 8 3 8
1 8 1 8
0 26 0 12
6 6 6 6
0 16 0 10
5 2 5 2
0 16 0 0
1 3 1 3
0 4 0 12
6 8 6 8
2 8 2 8
3 8 3 8

7 2 7 2

0 50 0 36
0 16 0 20
0 6 0 14
7 2 7 2
3 8 3 8
0 12 0 4
2 9 2 9
6 5 6 5
0 32 0 18
0 4 0 14
7 4 7 4
2 10 2 10
0 20 0 12
6 9 6 9
0 10 0 10
5 1 5 1
5 9 5 9

0 6 0 41
0 2 0 39
0 6 0 33
0 14 0 19
0 12 0 7
3 6 3 6
6 5 6 5
7 7 7 7
3 3 3 3
1 7 1 7
3 7 3 7

0 10 0 47
0 42 0 5
2 8 2 8
0 22 0 20
0 18 0 2
1 5 1 5
0 12 0 6
3 4 3 4
6 9 6 9
0 12 0 10
5 3 5 3
6 6 6 6
5 5 5 5

0 20 0 8
4 2 4 2
0 10 0 10
5 6 5 6
5 9 5 9

0 4 0 26
0 22 0 4
2 2 2 2
0 16 0 6
3 9 3 9
0 8 0 8
4 2 4 2
4 1 4 1
2 7 2 7

0 76 0 18
0 16 0 2
1 3 1 3
0 10 0 6
3 9 3 9
5 7 5 7
0 66 0 10
5 10 5 10
0 4 0 62
0 36 0 26
0 8 0 18
0 6 0 12
6 6 6 6
3 5 3 5
4 4 4 4
0 8 0 28
0 2 0 26
0 12 0 14
7 6 7 6
6 2 6 2
1 8 1 8
4 9 4 9
2 9 2 9

0 2 0 24
0 8 0 16
0 14 0 2
1 2 1 2
7 5 7 5
4 6 4 6
1 10 1 10

0 22 0 9
4 9 4 9
0 8 0 14
7 5 7 5
4 8 4 8

0 22 0 5
2 9 2 9
0 8 0 14
7 2 7 2
4 7 4 7

0 14 0 79
0 16 0 63
0 6 0 57
0 52 0 5
2 7 2 7
0 30 0 22
0 12 0 10
5 10 5 10
6 5 6 5
0 22 0 8
4 5 4 5
0 4 0 18
0 12 0 6
3 2 3 2
6 2 6 2
2 1 2 1
3 2 3 2
0 8 0 8
4 5 4 5
4 9 4 9
7 7 7 7

1 5 1 5

0 4 0 25
0 22 0 3
1 10 1 10
0 12 0 10
5 8 5 8
6 3 6 3
2 9 2 9

4 9 4 9

0 26 0 18
0 14 0 4
2 4 2 4
7 9 7 9
0 2 0 24
0 10 0 14
7 9 7 9
5 5 5 5
1 6 1 6

0 52 0 24
0 8 0 16
0 2 0 14
7 4 7 4
1 4 1 4
4 8 4 8
0 12 0 40
0 38 0 2
1 3 1 3
0 36 0 2
1 7 1 7
0 22 0 14
7 10 7 10
0 4 0 18
0 12 0 6
3 1 3 1
6 3 6 3
2 5 2 5
6 2 6 2

0 80 0 18
0 14 0 4
2 3 2 3
7 3 7 3
0 26 0 54
0 16 0 38
0 36 0 2
1 6 1 6
0 20 0 16
0 14 0 2
1 7 1 7
7 7 7 7
0 20 0 0
1 8 1 8
0 18 0 2
1 10 1 10
0 16 0 2
1 4 1 4
0 12 0 4
2 2 2 2
6 4 6 4
0 8 0 8
4 8 4 8
4 9 4 9
0 12 0 14
7 10 7 10
6 4 6 4

0 18 0 68
0 20 0 48
0 44 0 4
2 10 2 10
0 36 0 8
4 3 4 3
0 26 0 10
5 7 5 7
0 2 0 24
0 22 0 2
1 5 1 5
0 18 0 4
2 6 2 6
0 14 0 4
2 9 2 9
7 8 7 8
1 4 1 4
0 18 0 2
1 6 1 6
0 8 0 10
5 6 5 6
4 8 4 8
0 4 0 14
7 7 7 7
2 10 2 10

0 62 0 29
0 12 0 17
0 14 0 3
1 3 1 3
7 7 7 7
6 9 6 9
0 38 0 24
0 8 0 16
0 2 0 14
7 9 7 9
1 9 1 9
4 6 4 6
0 4 0 34
0 2 0 32
0 4 0 28
0 6 0 22
0 16 0 6
3 3 3 3
0 2 0 14
7 6 7 6
1 9 1 9
3 8 3 8
2 1 2 1
1 5 1 5
2 10 2 10

0 24 0 10
5 1 5 1
0 2 0 22
0 10 0 12
6 2 6 2
5 7 5 7
1 3 1 3

0 4 0 22
0 4 0 18
0 16 0 2
1 8 1 8
0 4 0 12
6 9 6 9
2 2 2 2
2 1 2 1
2 9 2 9

0 6 0 40
0 4 0 36
0 26 0 10
5 10 5 10
0 2 0 24
0 16 0 8
4 4 4 4
0 6 0 10
5 10 5 10
3 2 3 2
1 4 1 4
2 3 2 3
3 1 3 1

0 8 0 81
0 46 0 35
0 32 0 3
1 4 1 4
0 16 0 16
0 14 0 2
1 5 1 5
7 1 7 1
0 12 0 4
2 10 2 10
6 9 6 9
0 18 0 28
0 12 0 16
0 12 0 4
2 5 2 5
6 7 6 7
6 9 6 9
0 4 0 14
7 1 7 1
2 7 2 7
4 1 4 1

0 24 0 13
6 3 6 3
0 14 0 10
5 6 5 6
7 5 7 5

0 14 0 41
0 22 0 19
0 2 0 17
0 16 0 1
1 3 1 3
0 12 0 4
2 8 2 8
6 9 6 9
1 5 1 5
0 12 0 10
5 3 5 3
6 10 6 10
7 8 7 8

0 2 0 92
0 20 0 72
0 32 0 40
0 16 0 24
0 4 0 20
0 12 0 8
4 4 4 4
6 10 6 10
2 8 2 8
0 8 0 8
4 9 4 9
4 8 4 8
0 8 0 24
0 4 0 20
0 14 0 6
3 5 3 5
7 5 7 5
2 5 2 5
4 4 4 4
0 10 0 10
5 1 5 1
5 2 5 2
1 4 1 4

0 12 0 9
4 9 4 9
6 4 6 4

0 6 0 19
0 8 0 11
5 3 5 3
4 10 4 10
3 2 3 2

0 14 0 41
0 20 0 21
0 12 0 9
4 9 4 9
6 7 6 7
0 10 0 10
5 1 5 1
5 2 5 2
7 7 7 7

0 18 0 33
0 30 0 3
1 10 1 10
0 28 0 2
1 5 1 5
0 28 0 0
1 8 1 8
0 22 0 6
3 10 3 10
0 12 0 10
5 5 5 5
6 1 6 1
0 10 0 8
4 1 4 1
5 5 5 5

0 12 0 4
2 5 2 5
6 5 6 5

5 7 5 7

0 12 0 38
0 32 0 6
3 6 3 6
0 24 0 8
4 10 4 10
0 22 0 2
1 8 1 8
0 2 0 20
0 4 0 16
0 16 0 0
1 2 1 2
0 16 0 0
1 7 1 7
0 14 0 2
1 6 1 6
7 9 7 9
2 6 2 6
1 2 1 2
6 3 6 3

0 52 0 16
0 10 0 6
3 8 3 8
5 3 5 3
0 20 0 32
0 10 0 22
0 10 0 12
6 6 6 6
5 1 5 1
5 5 5 5
0 16 0 4
2 2 2 2
0 4 0 12
6 9 6 9
2 1 2 1

0 16 0 9
4 3 4 3
0 8 0 8
4 4 4 4
4 1 4 1

0 8 0 11
5 2 5 2
4 5 4 5

0 24 0 70
0 64 0 6
3 8 3 8
0 10 0 54
0 10 0 44
0 22 0 22
0 2 0 20
0 4 0 16
0 6 0 10
5 5 5 5
3 6 3 6
2 1 2 1
1 7 1 7
0 8 0 14
7 2 7 2
4 4 4 4
5 2 5 2
5 5 5 5
0 10 0 14
7 10 7 10
5 6 5 6

0 24 0 58
0 36 0 22
0 6 0 16
0 12 0 4
2 1 2 1
6 6 6 6
3 5 3 5
0 10 0 26
0 22 0 4
2 4 2 4
0 4 0 18
0 10 0 8
4 4 4 4
5 7 5 7
2 5 2 5
5 9 5 9
0 22 0 2
1 10 1 10
0 20 0 2
1 8 1 8
0 14 0 6
3 8 3 8
7 1 7 1

0 2 0 72
0 54 0 18
0 10 0 8
4 4 4 4
5 6 5 6
0 10 0 44
0 20 0 24
0 14 0 10
5 7 5 7
7 7 7 7
0 20 0 0
1 3 1 3
0 2 0 18
0 16 0 2
1 7 1 7
0 6 0 10
5 3 5 3
3 3 3 3
1 4 1 4
5 5 5 5
1 7 1 7

3 1 3 1

0 22 0 14
7 2 7 2
0 10 0 12
6 8 6 8
5 6 5 6

0 76 0 16
0 12 0 4
2 7 2 7
6 6 6 6
0 30 0 46
0 38 0 8
4 5 4 5
0 18 0 20
0 4 0 16
0 4 0 12
6 2 6 2
2 8 2 8
2 3 2 3
0 10 0 8
4 9 4 9
5 5 5 5
0 20 0 10
5 4 5 4
0 6 0 14
7 1 7 1
3 1 3 1

0 8 0 42
0 2 0 40
0 32 0 8
4 6 4 6
0 14 0 18
0 2 0 16
0 6 0 10
5 10 5 10
3 3 3 3
1 9 1 9
7 1 7 1
1 3 1 3
4 1 4 1

1 10 1 10

4 8 4 8

0 58 0 16
0 6 0 10
5 4 5 4
3 5 3 5
0 42 0 16
0 2 0 14
7 1 7 1
1 9 1 9
0 26 0 16
0 14 0 2
1 9 1 9
7 1 7 1
0 20 0 6
3 10 3 10
0 16 0 4
2 3 2 3
0 10 0 6
3 6 3 6
5 1 5 1

0 8 0 25
0 20 0 5
2 1 2 1
0 10 0 10
5 5 5 5
5 5 5 5
4 6 4 6

0 28 0 29
0 8 0 21
0 6 0 15
7 10 7 10
3 4 3 4
4 6 4 6
0 14 0 14
7 8 7 8
7 10 7 10

1 2 1 2

0 12 0 6
3 1 3 1
6 2 6 2

0 76 0 14
7 7 7 7
0 6 0 70
0 12 0 58
0 20 0 38
0 34 0 4
2 10 2 10
0 14 0 20
0 8 0 12
6 2 6 2
4 9 4 9
7 9 7 9
0 18 0 2
1 8 1 8
0 6 0 12
6 9 6 9
3 4 3 4
6 5 6 5
3 5 3 5

0 2 0 61
0 24 0 37
0 36 0 1
1 5 1 5
0 24 0 12
6 1 6 1
0 20 0 4
2 7 2 7
0 16 0 4
2 9 2 9
0 16 0 0
1 2 1 2
0 16 0 0
1 6 1 6
0 14 0 2
1 9 1 9
7 3 7 3
0 20 0 4
2 10 2 10
0 2 0 18
0 16 0 2
1 8 1 8
0 16 0 0
1 9 1 9
0 2 0 14
7 2 7 2
1 8 1 8
1 8 1 8
1 7 1 7

0 40 0 45
0 10 0 35
0 6 0 29
0 8 0 21
0 20 0 1
1 2 1 2
0 10 0 10
5 3 5 3
5 4 5 4
4 5 4 5
3 2 3 2
5 2 5 2
0 6 0 34
0 2 0 32
0 26 0 6
3 3 3 3
0 4 0 22
0 18 0 4
2 9 2 9
0 18 0 0
1 8 1 8
0 4 0 14
7 3 7 3
2 10 2 10
2 2 2 2
1 2 1 2
3 3 3 3

0 42 0 18
0 6 0 12
6 10 6 10
3 1 3 1
0 40 0 2
1 5 1 5
0 38 0 2
1 1 1 1
0 36 0 2
1 3 1 3
0 10 0 26
0 16 0 10
5 5 5 5
0 2 0 14
7 4 7 4
1 5 1 5
5 4 5 4

0 22 0 3
1 7 1 7
0 14 0 8
4 10 4 10
7 7 7 7

0 46 0 7
3 7 3 7
0 2 0 44
0 32 0 12
6 10 6 10
0 20 0 12
6 2 6 2
0 4 0 16
0 4 0 12
6 7 6 7
2 10 2 10
2 2 2 2
1 6 1 6

7 8 7 8

0 38 0 12
6 6 6 6
0 6 0 32
0 32 0 0
1 1 1 1
0 32 0 0
1 7 1 7
0 8 0 24
0 6 0 18
0 10 0 8
4 1 4 1
5 9 5 9
3 7 3 7
4 6 4 6
3 1 3 1

0 2 0 31
0 16 0 15
7 5 7 5
0 8 0 8
4 5 4 5
4 8 4 8
1 7 1 7

1 7 1 7

0 14 0 46
0 16 0 30
0 20 0 10
5 9 5 9
0 4 0 16
0 16 0 0
1 9 1 9
0 8 0 8
4 7 4 7
4 3 4 3
2 6 2 6
0 14 0 2
1 5 1 5
7 4 7 4
7 5 7 5

0 74 0 16
0 10 0 6
3 4 3 4
5 9 5 9
0 54 0 20
0 8 0 12
6 8 6 8
4 8 4 8
0 12 0 42
0 10 0 32
0 4 0 28
0 8 0 20
0 20 0 0
1 6 1 6
0 6 0 14
7 7 7 7
3 3 3 3
4 5 4 5
2 10 2 10
5 7 5 7
6 5 6 5

0 10 0 70
0 44 0 26
0 20 0 6
3 4 3 4
0 10 0 10
5 1 5 1
5 6 5 6
0 44 0 0
1 3 1 3
0 42 0 2
1 7 1 7
0 20 0 22
0 12 0 10
5 6 5 6
6 4 6 4
0 18 0 2
1 6 1 6
0 4 0 14
7 4 7 4
2 2 2 2
5 3 5 3

0 20 0 38
0 34 0 4
2 9 2 9
0 28 0 6
3 8 3 8
0 4 0 24
0 6 0 18
0 14 0 4
2 10 2 10
7 10 7 10
3 1 3 1
2 10 2 10
0 8 0 12
6 7 6 7
4 3 4 3

0 22 0 6
3 4 3 4
0 20 0 2
1 5 1 5
0 10 0 10
5 8 5 8
5 8 5 8

0 2 0 36
0 32 0 4
2 8 2 8
0 14 0 18
0 6 0 12
6 9 6 9
3 8 3 8
7 6 7 6
1 8 1 8

0 22 0 15
7 7 7 7
0 20 0 2
1 7 1 7
0 10 0 10
5 10 5 10
5 9 5 9

0 38 0 5
2 5 2 5
0 10 0 28
0 10 0 18
0 12 0 6
3 5 3 5
6 9 6 9
5 10 5 10
5 10 5 10

0 16 0 24
0 10 0 14
7 8 7 8
5 10 5 10
0 10 0 6
3 8 3 8
5 2 5 2

0 46 0 38
0 4 0 34
0 34 0 0
1 2 1 2
0 30 0 4
2 7 2 7
0 2 0 28
0 24 0 4
2 9 2 9
0 20 0 4
2 8 2 8
0 8 0 12
6 4 6 4
4 9 4 9
1 1 1 1
2 5 2 5
0 26 0 20
0 18 0 2
1 9 1 9
0 4 0 14
7 3 7 3
2 5 2 5
0 22 0 4
2 2 2 2
0 12 0 10
5 5 5 5
6 10 6 10

0 2 0 67
0 4 0 63
0 16 0 47
0 42 0 5
2 8 2 8
0 14 0 28
0 22 0 6
3 6 3 6
0 6 0 16
0 10 0 6
3 8 3 8
5 4 5 4
3 4 3 4
7 2 7 2
0 12 0 4
2 2 2 2
6 1 6 1
2 1 2 1
1 5 1 5

0 52 0 24
0 16 0 8
4 2 4 2
0 10 0 6
3 1 3 1
5 3 5 3
0 36 0 16
0 4 0 12
6 7 6 7
2 6 2 6
0 22 0 14
7 4 7 4
0 16 0 6
3 1 3 1
0 2 0 14
7 3 7 3
1 5 1 5

0 50 0 48
0 38 0 10
5 3 5 3
0 8 0 30
0 22 0 8
4 10 4 10
0 14 0 8
4 10 4 10
7 9 7 9
4 1 4 1
0 32 0 18
0 4 0 14
7 3 7 3
2 3 2 3
0 6 0 26
0 14 0 12
6 1 6 1
7 3 7 3
3 10 3 10

0 52 0 20
0 14 0 6
3 1 3 1
7 9 7 9
0 6 0 46
0 12 0 34
0 14 0 20
0 16 0 4
2 7 2 7
0 2 0 14
7 8 7 8
1 3 1 3
7 7 7 7
6 8 6 8
3 8 3 8

4 7 4 7

0 4 0 13
6 8 6 8
2 1 2 1

0 24 0 0
1 4 1 4
0 2 0 22
0 8 0 14
7 7 7 7
4 6 4 6
1 6 1 6

0 18 0 9
4 5 4 5
0 4 0 14
7 2 7 2
2 4 2 4

0 4 0 35
0 4 0 31
0 6 0 25
0 16 0 9
4 2 4 2
0 4 0 12
6 6 6 6
2 10 2 10
3 9 3 9
2 2 2 2
2 2 2 2

0 56 0 38
0 34 0 4
2 10 2 10
0 2 0 32
0 10 0 22
0 8 0 14
7 1 7 1
4 8 4 8
5 3 5 3
1 5 1 5
0 16 0 40
0 22 0 18
0 8 0 10
5 8 5 8
4 6 4 6
0 4 0 18
0 6 0 12
6 5 6 5
3 7 3 7
2 5 2 5
0 10 0 6
3 8 3 8
5 4 5 4

0 34 0 36
0 28 0 8
4 6 4 6
0 18 0 10
5 6 5 6
0 12 0 6
3 3 3 3
6 8 6 8
0 18 0 16
0 10 0 6
3 6 3 6
5 5 5 5
0 4 0 14
7 3 7 3
2 7 2 7

4 7 4 7

0 44 0 50
0 40 0 10
5 3 5 3
0 4 0 36
0 22 0 14
7 5 7 5
0 8 0 14
7 1 7 1
4 3 4 3
2 6 2 6
0 2 0 42
0 10 0 32
0 8 0 24
0 20 0 4
2 6 2 6
0 18 0 2
1 8 1 8
0 10 0 8
4 6 4 6
5 9 5 9
4 7 4 7
5 5 5 5
1 8 1 8

0 6 0 26
0 12 0 14
7 7 7 7
6 1 6 1
3 6 3 6

0 14 0 69
0 48 0 21
0 4 0 17
0 6 0 11
5 4 5 4
3 6 3 6
2 8 2 8
0 28 0 20
0 8 0 12
6 5 6 5
4 2 4 2
0 4 0 24
0 10 0 14
7 2 7 2
5 2 5 2
2 2 2 2
7 2 7 2

0 46 0 52
0 34 0 18
0 8 0 10
5 9 5 9
4 5 4 5
0 16 0 18
0 2 0 16
0 14 0 2
1 2 1 2
7 6 7 6
1 4 1 4
0 4 0 12
6 4 6 4
2 1 2 1
0 18 0 28
0 22 0 6
3 3 3 3
0 14 0 8
4 5 4 5
7 1 7 1
0 4 0 14
7 9 7 9
2 7 2 7

0 48 0 16
0 12 0 4
2 6 2 6
6 7 6 7
0 32 0 16
0 14 0 2
1 8 1 8
7 8 7 8
0 14 0 18
0 12 0 6
3 4 3 4
6 9 6 9
7 6 7 6

4 5 4 5

0 2 0 38
0 30 0 8
4 10 4 10
0 18 0 12
6 8 6 8
0 10 0 8
4 8 4 8
5 2 5 2
1 6 1 6

2 8 2 8

0 12 0 74
0 20 0 54
0 22 0 32
0 10 0 22
0 2 0 20
0 16 0 4
2 7 2 7
0 16 0 0
1 5 1 5
0 6 0 10
5 3 5 3
3 4 3 4
1 5 1 5
5 4 5 4
0 8 0 14
7 9 7 9
4 10 4 10
0 16 0 4
2 7 2 7
0 4 0 12
6 5 6 5
2 7 2 7
6 4 6 4

6 7 6 7

0 2 0 84
0 12 0 72
0 32 0 40
0 22 0 18
0 4 0 14
7 10 7 10
2 1 2 1
0 6 0 16
0 8 0 8
4 5 4 5
4 1 4 1
3 1 3 1
0 32 0 0
1 7 1 7
0 8 0 24
0 14 0 10
5 6 5 6
7 3 7 3
4 2 4 2
6 3 6 3
1 1 1 1

0 38 0 30
0 16 0 14
7 9 7 9
0 12 0 4
2 9 2 9
6 5 6 5
0 6 0 32
0 10 0 22
0 22 0 0
1 5 1 5
0 6 0 16
0 14 0 2
1 4 1 4
7 5 7 5
3 5 3 5
5 3 5 3
3 5 3 5

0 8 0 13
6 6 6 6
4 7 4 7

7 1 7 1

0 30 0 5
2 4 2 4
0 14 0 16
0 10 0 6
3 4 3 4
5 4 5 4
7 4 7 4

0 22 0 13
6 2 6 2
0 18 0 4
2 4 2 4
0 10 0 8
4 10 4 10
5 9 5 9

0 20 0 14
7 1 7 1
0 12 0 8
4 7 4 7
6 8 6 8

0 18 0 8
4 10 4 10
0 4 0 14
7 8 7 8
2 2 2 2

0 42 0 28
0 10 0 18
0 16 0 2
1 2 1 2
0 6 0 10
5 5 5 5
3 2 3 2
5 2 5 2
0 6 0 36
0 20 0 16
0 10 0 6
3 1 3 1
5 8 5 8
0 4 0 16
0 4 0 12
6 2 6 2
2 7 2 7
2 8 2 8
3 3 3 3

0 8 0 8
4 2 4 2
4 7 4 7

0 10 0 35
0 30 0 5
2 4 2 4
0 4 0 26
0 20 0 6
3 4 3 4
0 12 0 8
4 2 4 2
6 10 6 10
2 1 2 1
5 4 5 4

0 24 0 14
7 4 7 4
0 2 0 22
0 2 0 20
0 18 0 2
1 4 1 4
0 14 0 4
2 2 2 2
7 7 7 7
1 10 1 10
1 9 1 9

0 10 0 7
3 10 3 10
5 10 5 10

0 18 0 61
0 36 0 25
0 2 0 23
0 2 0 21
0 14 0 7
3 3 3 3
7 1 7 1
1 9 1 9
1 8 1 8
0 6 0 30
0 22 0 8
4 10 4 10
0 2 0 20
0 2 0 18
0 14 0 4
2 10 2 10
7 4 7 4
1 3 1 3
1 9 1 9
3 5 3 5
0 4 0 14
7 10 7 10
2 10 2 10

0 48 0 31
0 30 0 1
1 3 1 3
0 20 0 10
5 6 5 6
0 12 0 8
4 8 4 8
6 6 6 6
0 34 0 14
7 6 7 6
0 30 0 4
2 7 2 7
0 22 0 8
4 8 4 8
0 20 0 2
1 2 1 2
0 14 0 6
3 5 3 5
7 4 7 4

0 26 0 70
0 44 0 26
0 6 0 20
0 12 0 8
4 8 4 8
6 3 6 3
3 5 3 5
0 20 0 24
0 2 0 22
0 2 0 20
0 2 0 18
0 16 0 2
1 7 1 7
0 10 0 6
3 10 3 10
5 3 5 3
1 6 1 6
1 7 1 7
1 9 1 9
0 2 0 18
0 14 0 4
2 1 2 1
7 9 7 9
1 7 1 7
0 24 0 2
1 2 1 2
0 14 0 10
5 6 5 6
7 5 7 5

0 10 0 22
0 20 0 2
1 2 1 2
0 16 0 4
2 8 2 8
0 16 0 0
1 2 1 2
0 4 0 12
6 8 6 8
2 8 2 8
5 5 5 5

0 4 0 43
0 12 0 31
0 24 0 7
3 1 3 1
0 22 0 2
1 5 1 5
0 22 0 0
1 1 1 1
0 16 0 6
3 7 3 7
0 14 0 2
1 8 1 8
7 5 7 5
6 3 6 3
2 7 2 7

0 42 0 12
6 6 6 6
0 14 0 28
0 4 0 24
0 12 0 12
6 1 6 1
6 3 6 3
2 4 2 4
7 10 7 10

0 40 0 15
7 2 7 2
0 16 0 24
0 24 0 0
1 1 1 1
0 8 0 16
0 8 0 8
4 4 4 4
4 9 4 9
4 1 4 1
0 16 0 0
1 4 1 4
0 6 0 10
5 3 5 3
3 8 3 8

0 40 0 44
0 10 0 34
0 22 0 12
6 5 6 5
0 4 0 18
0 2 0 16
0 16 0 0
1 2 1 2
0 4 0 12
6 6 6 6
2 5 2 5
1 7 1 7
2 4 2 4
5 10 5 10
0 6 0 34
0 34 0 0
1 8 1 8
0 32 0 2
1 10 1 10
0 2 0 30
0 4 0 26
0 6 0 20
0 6 0 14
7 6 7 6
3 6 3 6
3 4 3 4
2 5 2 5
1 5 1 5
3 4 3 4

0 4 0 21
0 12 0 9
4 9 4 9
6 7 6 7
2 4 2 4

0 26 0 22
0 22 0 0
1 8 1 8
0 20 0 2
1 7 1 7
0 2 0 18
0 12 0 6
3 1 3 1
6 4 6 4
1 10 1 10
0 4 0 22
0 16 0 6
3 5 3 5
0 10 0 6
3 3 3 3
5 6 5 6
2 8 2 8

1 8 1 8

0 12 0 4
2 7 2 7
6 3 6 3

0 30 0 10
5 8 5 8
0 20 0 10
5 7 5 7
0 6 0 14
7 9 7 9
3 1 3 1

5 3 5 3

0 14 0 37
0 28 0 9
4 10 4 10
0 16 0 12
6 2 6 2
0 6 0 10
5 3 5 3
3 6 3 6
7 6 7 6

0 20 0 20
0 2 0 18
0 2 0 16
0 8 0 8
4 9 4 9
4 3 4 3
1 6 1 6
1 10 1 10
0 8 0 12
6 1 6 1
4 7 4 7

0 28 0 30
0 28 0 2
1 9 1 9
0 24 0 4
2 10 2 10
0 18 0 6
3 4 3 4
0 10 0 8
4 6 4 6
5 3 5 3
0 4 0 24
0 14 0 10
5 2 5 2
7 10 7 10
2 7 2 7

0 24 0 57
0 32 0 25
0 24 0 1
1 3 1 3
0 16 0 8
4 2 4 2
0 8 0 8
4 2 4 2
4 10 4 10
0 2 0 30
0 2 0 28
0 6 0 22
0 18 0 4
2 7 2 7
0 16 0 2
1 10 1 10
0 6 0 10
5 9 5 9
3 1 3 1
3 9 3 9
1 2 1 2
1 5 1 5
0 16 0 8
4 8 4 8
0 10 0 6
3 9 3 9
5 10 5 10

0 18 0 11
5 3 5 3
0 12 0 6
3 5 3 5
6 7 6 7

7 3 7 3

0 70 0 12
6 9 6 9
0 56 0 14
7 10 7 10
0 48 0 8
4 8 4 8
0 10 0 38
0 22 0 16
0 6 0 10
5 8 5 8
3 7 3 7
0 2 0 20
0 2 0 18
0 10 0 8
4 8 4 8
5 4 5 4
1 10 1 10
1 4 1 4
5 2 5 2

0 38 0 17
0 16 0 1
1 2 1 2
0 14 0 2
1 3 1 3
7 1 7 1
0 30 0 8
4 5 4 5
0 14 0 16
0 10 0 6
3 5 3 5
5 4 5 4
7 4 7 4

0 12 0 17
0 12 0 5
2 5 2 5
6 3 6 3
6 10 6 10

0 38 0 15
7 1 7 1
0 32 0 6
3 6 3 6
0 32 0 0
1 3 1 3
0 14 0 18
0 14 0 4
2 2 2 2
7 9 7 9
7 10 7 10

1 5 1 5

0 30 0 25
0 4 0 21
0 2 0 19
0 12 0 7
3 6 3 6
6 7 6 7
1 5 1 5
2 1 2 1
0 18 0 12
6 1 6 1
0 18 0 0
1 9 1 9
0 14 0 4
2 3 2 3
7 1 7 1

0 40 0 32
0 8 0 24
0 24 0 0
1 1 1 1
0 16 0 8
4 10 4 10
0 6 0 10
5 9 5 9
3 5 3 5
4 4 4 4
0 8 0 32
0 30 0 2
1 5 1 5
0 26 0 4
2 7 2 7
0 24 0 2
1 7 1 7
0 6 0 18
0 12 0 6
3 6 3 6
6 7 6 7
3 3 3 3
4 2 4 2

6 9 6 9

0 6 0 40
0 30 0 10
5 4 5 4
0 28 0 2
1 10 1 10
0 26 0 2
1 1 1 1
0 24 0 2
1 7 1 7
0 18 0 6
3 4 3 4
0 18 0 0
1 10 1 10
0 10 0 8
4 1 4 1
5 4 5 4
3 6 3 6

0 42 0 14
7 10 7 10
0 4 0 38
0 30 0 8
4 8 4 8
0 20 0 10
5 1 5 1
0 16 0 4
2 9 2 9
0 12 0 4
2 6 2 6
6 6 6 6
2 8 2 8

6 8 6 8

0 44 0 6
3 2 3 2
0 24 0 20
0 8 0 12
6 1 6 1
4 9 4 9
0 12 0 12
6 10 6 10
6 5 6 5

7 3 7 3

0 12 0 20
0 18 0 2
1 5 1 5
0 6 0 12
6 10 6 10
3 3 3 3
6 10 6 10

0 24 0 21
0 14 0 7
3 3 3 3
7 9 7 9
0 8 0 16
0 8 0 8
4 6 4 6
4 3 4 3
4 7 4 7

0 56 0 10
5 1 5 1
0 18 0 38
0 16 0 22
0 4 0 18
0 2 0 16
0 2 0 14
7 8 7 8
1 5 1 5
1 6 1 6
2 3 2 3
0 4 0 12
6 9 6 9
2 9 2 9
0 14 0 4
2 3 2 3
7 4 7 4

0 12 0 79
0 22 0 57
0 16 0 41
0 10 0 31
0 4 0 27
0 24 0 3
1 5 1 5
0 8 0 16
0 14 0 2
1 3 1 3
7 1 7 1
4 7 4 7
2 8 2 8
5 3 5 3
0 8 0 8
4 2 4 2
4 4 4 4
0 10 0 12
6 9 6 9
5 6 5 6
6 4 6 4

0 40 0 58
0 54 0 4
2 10 2 10
0 14 0 40
0 14 0 26
0 26 0 0
1 2 1 2
0 14 0 12
6 6 6 6
7 3 7 3
7 8 7 8
7 6 7 6
0 34 0 6
3 1 3 1
0 30 0 4
2 4 2 4
0 22 0 8
4 4 4 4
0 10 0 12
6 7 6 7
5 7 5 7

4 7 4 7

7 5 7 5

0 24 0 24
0 2 0 22
0 20 0 2
1 10 1 10
0 8 0 12
6 5 6 5
4 10 4 10
1 1 1 1
0 16 0 8
4 8 4 8
0 16 0 0
1 2 1 2
0 16 0 0
1 10 1 10
0 8 0 8
4 1 4 1
4 8 4 8

2 3 2 3

0 38 0 18
0 2 0 16
0 4 0 12
6 9 6 9
2 9 2 9
1 10 1 10
0 20 0 18
0 16 0 2
1 6 1 6
0 2 0 14
7 8 7 8
1 3 1 3
0 12 0 8
4 4 4 4
6 4 6 4

0 52 0 15
7 5 7 5
0 48 0 4
2 3 2 3
0 14 0 34
0 28 0 6
3 3 3 3
0 4 0 24
0 20 0 4
2 1 2 1
0 2 0 18
0 10 0 8
4 8 4 8
5 4 5 4
1 8 1 8
2 3 2 3
7 3 7 3

4 2 4 2

0 56 0 5
2 9 2 9
0 50 0 6
3 6 3 6
0 32 0 18
0 16 0 2
1 9 1 9
0 10 0 6
3 1 3 1
5 1 5 1
0 18 0 14
7 7 7 7
0 4 0 14
7 1 7 1
2 3 2 3

4 9 4 9

0 8 0 9
4 10 4 10
4 7 4 7

0 28 0 57
0 16 0 41
0 32 0 9
4 9 4 9
0 10 0 22
0 18 0 4
2 2 2 2
0 10 0 8
4 4 4 4
5 2 5 2
5 5 5 5
0 8 0 8
4 9 4 9
4 9 4 9
0 24 0 4
2 9 2 9
0 16 0 8
4 4 4 4
0 8 0 8
4 2 4 2
4 9 4 9

6 4 6 4

4 7 4 7

0 8 0 15
7 2 7 2
4 7 4 7

1 4 1 4

0 16 0 3
1 5 1 5
0 14 0 2
1 7 1 7
7 6 7 6

0 6 0 45
0 2 0 43
0 32 0 11
5 10 5 10
0 28 0 4
2 1 2 1
0 16 0 12
6 4 6 4
0 14 0 2
1 9 1 9
7 1 7 1
1 5 1 5
3 1 3 1

0 10 0 18
0 8 0 10
5 2 5 2
4 3 4 3
5 3 5 3

0 80 0 3
1 7 1 7
0 70 0 10
5 3 5 3
0 58 0 12
6 10 6 10
0 4 0 54
0 20 0 34
0 10 0 24
0 8 0 16
0 10 0 6
3 6 3 6
5 4 5 4
4 4 4 4
5 5 5 5
0 18 0 2
1 2 1 2
0 4 0 14
7 6 7 6
2 2 2 2
2 6 2 6

4 1 4 1

0 26 0 15
7 4 7 4
0 24 0 2
1 3 1 3
0 6 0 18
0 6 0 12
6 5 6 5
3 9 3 9
3 5 3 5

0 2 0 55
0 4 0 51
0 28 0 23
0 14 0 9
4 1 4 1
7 3 7 3
0 18 0 10
5 6 5 6
0 6 0 12
6 9 6 9
3 4 3 4
2 5 2 5
1 3 1 3

0 8 0 71
0 22 0 49
0 20 0 29
0 28 0 1
1 4 1 4
0 26 0 2
1 8 1 8
0 10 0 16
0 8 0 8
4 3 4 3
4 10 4 10
5 8 5 8
0 12 0 8
4 3 4 3
6 2 6 2
0 2 0 20
0 2 0 18
0 4 0 14
7 10 7 10
2 10 2 10
1 1 1 1
1 8 1 8
4 3 4 3

0 16 0 27
0 2 0 25
0 4 0 21
0 12 0 9
4 10 4 10
6 3 6 3
2 8 2 8
1 2 1 2
0 14 0 2
1 9 1 9
7 9 7 9

6 4 6 4

0 80 0 19
0 14 0 5
2 10 2 10
7 3 7 3
0 58 0 22
0 8 0 14
7 4 7 4
4 8 4 8
0 26 0 32
0 8 0 24
0 8 0 16
0 4 0 12
6 4 6 4
2 9 2 9
4 3 4 3
4 7 4 7
0 24 0 2
1 5 1 5
0 4 0 20
0 6 0 14
7 8 7 8
3 10 3 10
2 3 2 3

0 12 0 25
0 16 0 9
4 2 4 2
0 12 0 4
2 9 2 9
6 9 6 9
6 9 6 9

0 56 0 6
3 7 3 7
0 20 0 36
0 24 0 12
6 3 6 3
0 12 0 12
6 6 6 6
6 5 6 5
0 8 0 12
6 6 6 6
4 9 4 9

0 2 0 47
0 28 0 19
0 18 0 1
1 3 1 3
0 2 0 16
0 6 0 10
5 1 5 1
3 9 3 9
1 2 1 2
0 16 0 12
6 9 6 9
0 10 0 6
3 2 3 2
5 6 5 6
1 8 1 8

0 24 0 37
0 4 0 33
0 14 0 19
0 18 0 1
1 10 1 10
0 6 0 12
6 9 6 9
3 3 3 3
7 5 7 5
2 3 2 3
0 18 0 6
3 3 3 3
0 14 0 4
2 3 2 3
7 4 7 4

0 8 0 14
7 9 7 9
4 2 4 2

0 8 0 49
0 2 0 47
0 12 0 35
0 10 0 25
0 2 0 23
0 16 0 7
3 7 3 7
0 12 0 4
2 2 2 2
6 6 6 6
1 3 1 3
5 5 5 5
6 6 6 6
1 5 1 5
4 9 4 9

0 30 0 53
0 24 0 29
0 20 0 9
4 7 4 7
0 12 0 8
4 7 4 7
6 5 6 5
0 18 0 6
3 10 3 10
0 18 0 0
1 1 1 1
0 2 0 16
0 8 0 8
4 6 4 6
4 2 4 2
1 4 1 4
0 18 0 12
6 10 6 10
0 4 0 14
7 8 7 8
2 2 2 2

0 42 0 23
0 4 0 19
0 16 0 3
1 5 1 5
0 2 0 14
7 9 7 9
1 6 1 6
2 7 2 7
0 24 0 18
0 16 0 2
1 7 1 7
0 2 0 14
7 9 7 9
1 6 1 6
0 16 0 8
4 9 4 9
0 4 0 12
6 7 6 7
2 7 2 7

0 14 0 57
0 48 0 9
4 6 4 6
0 26 0 22
0 16 0 6
3 8 3 8
0 12 0 4
2 5 2 5
6 10 6 10
0 2 0 24
0 24 0 0
1 3 1 3
0 20 0 4
2 4 2 4
0 18 0 2
1 8 1 8
0 16 0 2
1 1 1 1
0 12 0 4
2 4 2 4
6 10 6 10
1 6 1 6
7 8 7 8

0 24 0 66
0 58 0 8
4 10 4 10
0 46 0 12
6 8 6 8
0 14 0 32
0 10 0 22
0 8 0 14
7 4 7 4
4 7 4 7
5 7 5 7
7 7 7 7
0 22 0 2
1 6 1 6
0 10 0 12
6 8 6 8
5 7 5 7

0 42 0 3
1 4 1 4
0 20 0 22
0 20 0 2
1 7 1 7
0 16 0 4
2 4 2 4
0 10 0 6
3 8 3 8
5 3 5 3
0 12 0 8
4 1 4 1
6 7 6 7

5 7 5 7

0 62 0 22
0 2 0 20
0 2 0 18
0 10 0 8
4 2 4 2
5 3 5 3
1 10 1 10
1 5 1 5
0 62 0 0
1 10 1 10
0 50 0 12
6 5 6 5
0 40 0 10
5 7 5 7
0 4 0 36
0 28 0 8
4 4 4 4
0 14 0 14
7 7 7 7
7 10 7 10
2 3 2 3

0 6 0 19
0 16 0 3
1 10 1 10
0 8 0 8
4 1 4 1
4 6 4 6
3 6 3 6

0 24 0 12
6 8 6 8
0 2 0 22
0 18 0 4
2 9 2 9
0 4 0 14
7 4 7 4
2 1 2 1
1 9 1 9

0 52 0 37
0 4 0 33
0 4 0 29
0 6 0 23
0 4 0 19
0 2 0 17
0 16 0 1
1 2 1 2
0 12 0 4
2 6 2 6
6 2 6 2
1 9 1 9
2 10 2 10
3 10 3 10
2 10 2 10
2 10 2 10
0 22 0 30
0 14 0 16
0 12 0 4
2 2 2 2
6 5 6 5
7 10 7 10
0 16 0 6
3 10 3 10
0 2 0 14
7 3 7 3
1 7 1 7

0 52 0 27
0 24 0 3
1 6 1 6
0 18 0 6
3 1 3 1
0 14 0 4
2 10 2 10
7 8 7 8
0 20 0 32
0 4 0 28
0 10 0 18
0 8 0 10
5 3 5 3
4 2 4 2
5 4 5 4
2 4 2 4
0 6 0 14
7 8 7 8
3 1 3 1

0 16 0 0
1 4 1 4
0 6 0 10
5 6 5 6
3 3 3 3

0 8 0 16
0 4 0 12
6 5 6 5
2 2 2 2
4 9 4 9

0 20 0 47
0 16 0 31
0 26 0 5
2 10 2 10
0 26 0 0
1 3 1 3
0 20 0 6
3 10 3 10
0 12 0 8
4 6 4 6
6 1 6 1
0 4 0 12
6 10 6 10
2 9 2 9
0 4 0 16
0 12 0 4
2 10 2 10
6 3 6 3
2 7 2 7

0 32 0 8
4 8 4 8
0 24 0 8
4 5 4 5
0 14 0 10
5 7 5 7
7 3 7 3

0 62 0 18
0 8 0 10
5 3 5 3
4 4 4 4
0 12 0 50
0 24 0 26
0 20 0 6
3 5 3 5
0 18 0 2
1 5 1 5
0 14 0 4
2 4 2 4
7 10 7 10
0 10 0 14
7 9 7 9
5 10 5 10
6 3 6 3

0 10 0 25
0 22 0 3
1 5 1 5
0 6 0 16
0 14 0 2
1 10 1 10
7 5 7 5
3 1 3 1
5 3 5 3

0 18 0 14
7 1 7 1
0 8 0 10
5 10 5 10
4 2 4 2

3 1 3 1

7 10 7 10

0 48 0 6
3 6 3 6
0 14 0 34
0 32 0 2
1 10 1 10
0 2 0 30
0 18 0 12
6 8 6 8
0 2 0 16
0 10 0 6
3 10 3 10
5 5 5 5
1 10 1 10
1 8 1 8
7 8 7 8

0 48 0 27
0 4 0 23
0 8 0 15
7 4 7 4
4 6 4 6
2 8 2 8
0 20 0 28
0 22 0 6
3 7 3 7
0 22 0 0
1 8 1 8
0 10 0 12
6 4 6 4
5 10 5 10
0 10 0 10
5 4 5 4
5 10 5 10

0 12 0 6
3 8 3 8
6 7 6 7

4 3 4 3

6 7 6 7

0 72 0 24
0 2 0 22
0 16 0 6
3 10 3 10
0 6 0 10
5 8 5 8
3 10 3 10
1 6 1 6
0 24 0 48
0 32 0 16
0 2 0 14
7 8 7 8
1 5 1 5
0 18 0 14
7 5 7 5
0 16 0 2
1 1 1 1
0 4 0 12
6 4 6 4
2 1 2 1
0 4 0 20
0 2 0 18
0 8 0 10
5 3 5 3
4 8 4 8
1 8 1 8
2 9 2 9

0 28 0 36
0 2 0 34
0 26 0 8
4 1 4 1
0 26 0 0
1 5 1 5
0 14 0 12
6 9 6 9
7 10 7 10
1 6 1 6
0 14 0 14
7 4 7 4
7 5 7 5

0 16 0 37
0 14 0 23
0 4 0 19
0 4 0 15
7 10 7 10
2 3 2 3
2 3 2 3
7 6 7 6
0 2 0 14
7 5 7 5
1 2 1 2

0 22 0 74
0 22 0 52
0 50 0 2
1 2 1 2
0 10 0 40
0 20 0 20
0 14 0 6
3 10 3 10
7 2 7 2
0 10 0 10
5 1 5 1
5 2 5 2
5 2 5 2
0 22 0 0
1 3 1 3
0 18 0 4
2 1 2 1
0 12 0 6
3 5 3 5
6 8 6 8
0 16 0 6
3 5 3 5
0 14 0 2
1 7 1 7
7 3 7 3

0 56 0 37
0 6 0 31
0 4 0 27
0 14 0 13
6 3 6 3
7 8 7 8
2 10 2 10
3 4 3 4
0 36 0 20
0 18 0 2
1 4 1 4
0 8 0 10
5 8 5 8
4 5 4 5
0 8 0 28
0 28 0 0
1 2 1 2
0 16 0 12
6 9 6 9
0 12 0 4
2 10 2 10
6 1 6 1
4 7 4 7

0 28 0 49
0 28 0 21
0 16 0 5
2 9 2 9
0 8 0 8
4 5 4 5
4 2 4 2
0 20 0 8
4 8 4 8
0 18 0 2
1 4 1 4
0 4 0 14
7 8 7 8
2 9 2 9
0 12 0 16
0 6 0 10
5 8 5 8
3 7 3 7
6 8 6 8

0 26 0 11
5 6 5 6
0 18 0 8
4 5 4 5
0 10 0 8
4 4 4 4
5 8 5 8

3 10 3 10

0 8 0 20
0 18 0 2
1 6 1 6
0 6 0 12
6 2 6 2
3 10 3 10
4 4 4 4

0 32 0 67
0 54 0 13
6 8 6 8
0 6 0 48
0 28 0 20
0 2 0 18
0 14 0 4
2 9 2 9
7 6 7 6
1 1 1 1
0 10 0 18
0 6 0 12
6 4 6 4
3 1 3 1
5 3 5 3
3 2 3 2
0 22 0 10
5 6 5 6
0 2 0 20
0 16 0 4
2 6 2 6
0 10 0 6
3 4 3 4
5 10 5 10
1 5 1 5

0 72 0 26
0 8 0 18
0 12 0 6
3 1 3 1
6 1 6 1
4 4 4 4
0 54 0 18
0 14 0 4
2 10 2 10
7 6 7 6
0 10 0 44
0 20 0 24
0 8 0 16
0 10 0 6
3 4 3 4
5 5 5 5
4 1 4 1
0 20 0 0
1 2 1 2
0 14 0 6
3 5 3 5
7 8 7 8
5 2 5 2

0 4 0 12
6 9 6 9
2 3 2 3

3 4 3 4

0 48 0 21
0 10 0 11
5 3 5 3
5 2 5 2
0 16 0 32
0 28 0 4
2 4 2 4
0 26 0 2
1 10 1 10
0 12 0 14
7 9 7 9
6 4 6 4
0 2 0 14
7 10 7 10
1 3 1 3

0 28 0 61
0 14 0 47
0 42 0 5
2 10 2 10
0 20 0 22
0 14 0 8
4 5 4 5
7 10 7 10
0 6 0 14
7 7 7 7
3 5 3 5
7 5 7 5
0 16 0 12
6 8 6 8
0 6 0 10
5 3 5 3
3 8 3 8

0 4 0 21
0 12 0 9
4 5 4 5
6 3 6 3
2 7 2 7

0 26 0 31
0 8 0 23
0 6 0 17
0 6 0 11
5 10 5 10
3 8 3 8
3 3 3 3
4 9 4 9
0 10 0 16
0 10 0 6
3 5 3 5
5 2 5 2
5 5 5 5

0 24 0 12
6 2 6 2
0 16 0 8
4 6 4 6
0 14 0 2
1 8 1 8
7 3 7 3

0 22 0 1
1 2 1 2
0 6 0 16
0 16 0 0
1 9 1 9
0 14 0 2
1 1 1 1
7 4 7 4
3 3 3 3

0 22 0 26
0 22 0 4
2 2 2 2
0 8 0 14
7 6 7 6
4 2 4 2
0 4 0 18
0 8 0 10
5 10 5 10
4 7 4 7
2 6 2 6

0 6 0 16
0 8 0 8
4 6 4 6
4 2 4 2
3 9 3 9

0 14 0 39
0 8 0 31
0 14 0 17
0 4 0 13
6 8 6 8
2 3 2 3
7 1 7 1
4 8 4 8
7 9 7 9

0 8 0 27
0 18 0 9
4 9 4 9
0 14 0 4
2 6 2 6
7 4 7 4
4 1 4 1

0 4 0 38
0 2 0 36
0 6 0 30
0 24 0 6
3 2 3 2
0 14 0 10
5 7 5 7
7 9 7 9
3 7 3 7
1 5 1 5
2 3 2 3

0 6 0 30
0 8 0 22
0 10 0 12
6 4 6 4
5 9 5 9
4 7 4 7
3 1 3 1

7 3 7 3

0 38 0 54
0 16 0 38
0 22 0 16
0 4 0 12
6 7 6 7
2 10 2 10
0 12 0 10
5 6 5 6
6 6 6 6
0 6 0 10
5 8 5 8
3 9 3 9
0 34 0 4
2 3 2 3
0 28 0 6
3 8 3 8
0 16 0 12
6 5 6 5
0 8 0 8
4 7 4 7
4 9 4 9

0 32 0 41
0 8 0 33
0 24 0 9
4 6 4 6
0 16 0 8
4 1 4 1
0 4 0 12
6 6 6 6
2 10 2 10
4 10 4 10
0 26 0 6
3 5 3 5
0 2 0 24
0 10 0 14
7 9 7 9
5 10 5 10
1 2 1 2

0 32 0 42
0 10 0 32
0 4 0 28
0 20 0 8
4 1 4 1
0 12 0 8
4 8 4 8
6 4 6 4
2 3 2 3
5 9 5 9
0 4 0 28
0 10 0 18
0 10 0 8
4 10 4 10
5 9 5 9
5 8 5 8
2 3 2 3

0 14 0 60
0 22 0 38
0 26 0 12
6 3 6 3
0 8 0 18
0 4 0 14
7 1 7 1
2 2 2 2
4 6 4 6
0 20 0 2
1 3 1 3
0 6 0 14
7 3 7 3
3 9 3 9
7 9 7 9

0 28 0 10
5 1 5 1
0 12 0 16
0 10 0 6
3 6 3 6
5 1 5 1
6 7 6 7

0 8 0 54
0 50 0 4
2 5 2 5
0 18 0 32
0 24 0 8
4 10 4 10
0 10 0 14
7 3 7 3
5 8 5 8
0 18 0 0
1 10 1 10
0 12 0 6
3 10 3 10
6 6 6 6
4 10 4 10

1 7 1 7

5 9 5 9

0 4 0 86
0 56 0 30
0 10 0 20
0 6 0 14
7 6 7 6
3 10 3 10
5 4 5 4
0 18 0 38
0 30 0 8
4 1 4 1
0 18 0 12
6 7 6 7
0 10 0 8
4 2 4 2
5 5 5 5
0 18 0 0
1 4 1 4
0 6 0 12
6 7 6 7
3 10 3 10
2 9 2 9

0 36 0 27
0 2 0 25
0 10 0 15
7 7 7 7
5 6 5 6
1 5 1 5
0 4 0 32
0 14 0 18
0 4 0 14
7 1 7 1
2 5 2 5
7 6 7 6
2 6 2 6

0 48 0 8
4 6 4 6
0 18 0 30
0 28 0 2
1 1 1 1
0 6 0 22
0 4 0 18
0 10 0 8
4 8 4 8
5 8 5 8
2 5 2 5
3 5 3 5
0 4 0 14
7 6 7 6
2 9 2 9

0 68 0 21
0 12 0 9
4 9 4 9
6 7 6 7
0 60 0 8
4 5 4 5
0 26 0 34
0 20 0 14
7 1 7 1
0 16 0 4
2 10 2 10
0 8 0 8
4 10 4 10
4 4 4 4
0 10 0 16
0 2 0 14
7 4 7 4
1 8 1 8
5 2 5 2

0 14 0 66
0 38 0 28
0 12 0 16
0 6 0 10
5 3 5 3
3 7 3 7
6 6 6 6
0 12 0 26
0 6 0 20
0 10 0 10
5 8 5 8
5 2 5 2
3 3 3 3
6 2 6 2
7 1 7 1

0 8 0 27
0 12 0 15
7 5 7 5
6 7 6 7
4 2 4 2

0 2 0 83
0 32 0 51
0 34 0 17
0 16 0 1
1 8 1 8
0 2 0 14
7 2 7 2
1 8 1 8
0 32 0 2
1 8 1 8
0 2 0 30
0 12 0 18
0 10 0 8
4 1 4 1
5 1 5 1
6 1 6 1
1 9 1 9
0 18 0 14
7 7 7 7
0 2 0 16
0 12 0 4
2 1 2 1
6 9 6 9
1 4 1 4
1 4 1 4

0 42 0 36
0 2 0 34
0 22 0 12
6 10 6 10
0 8 0 14
7 2 7 2
4 10 4 10
1 5 1 5
0 10 0 32
0 12 0 20
0 18 0 2
1 5 1 5
0 14 0 4
2 2 2 2
7 10 7 10
6 7 6 7
5 4 5 4

0 26 0 19
0 14 0 5
2 3 2 3
7 5 7 5
0 20 0 6
3 10 3 10
0 18 0 2
1 9 1 9
0 2 0 16
0 4 0 12
6 5 6 5
2 9 2 9
1 8 1 8

0 56 0 13
6 10 6 10
0 46 0 10
5 4 5 4
0 10 0 36
0 4 0 32
0 10 0 22
0 10 0 12
6 8 6 8
5 6 5 6
5 4 5 4
2 8 2 8
5 7 5 7

0 56 0 37
0 36 0 1
1 3 1 3
0 6 0 30
0 24 0 6
3 9 3 9
0 22 0 2
1 4 1 4
0 12 0 10
5 5 5 5
6 5 6 5
3 4 3 4
0 30 0 26
0 18 0 8
4 2 4 2
0 14 0 4
2 2 2 2
7 4 7 4
0 4 0 26
0 10 0 16
0 12 0 4
2 5 2 5
6 9 6 9
5 10 5 10
2 10 2 10

0 54 0 45
0 42 0 3
1 5 1 5
0 10 0 32
0 18 0 14
7 4 7 4
0 6 0 12
6 2 6 2
3 3 3 3
5 5 5 5
0 16 0 38
0 20 0 18
0 14 0 4
2 5 2 5
7 7 7 7
0 12 0 8
4 2 4 2
6 3 6 3
0 14 0 2
1 5 1 5
7 7 7 7

0 30 0 0
1 8 1 8
0 26 0 4
2 7 2 7
0 2 0 24
0 12 0 12
6 10 6 10
6 1 6 1
1 7 1 7

0 30 0 3
1 1 1 1
0 4 0 26
0 16 0 10
5 9 5 9
0 4 0 12
6 2 6 2
2 6 2 6
2 10 2 10

2 2 2 2

0 18 0 27
0 20 0 7
3 8 3 8
0 6 0 14
7 10 7 10
3 7 3 7
0 4 0 14
7 6 7 6
2 4 2 4

0 22 0 18
0 12 0 6
3 3 3 3
6 1 6 1
0 10 0 12
6 9 6 9
5 6 5 6

0 70 0 9
4 9 4 9
0 6 0 64
0 40 0 24
0 20 0 4
2 10 2 10
0 2 0 18
0 10 0 8
4 2 4 2
5 6 5 6
1 7 1 7
0 2 0 38
0 8 0 30
0 2 0 28
0 2 0 26
0 16 0 10
5 1 5 1
0 14 0 2
1 2 1 2
7 9 7 9
1 10 1 10
1 1 1 1
4 6 4 6
1 4 1 4
3 6 3 6

0 2 0 17
0 8 0 9
4 10 4 10
4 1 4 1
1 9 1 9

0 50 0 32
0 24 0 8
4 5 4 5
0 14 0 10
5 1 5 1
7 8 7 8
0 14 0 36
0 34 0 2
1 2 1 2
0 30 0 4
2 10 2 10
0 12 0 18
0 4 0 14
7 4 7 4
2 9 2 9
6 3 6 3
7 7 7 7

0 14 0 4
2 1 2 1
7 7 7 7

0 52 0 6
3 10 3 10
0 48 0 4
2 5 2 5
0 22 0 26
0 8 0 18
0 12 0 6
3 9 3 9
6 2 6 2
4 10 4 10
0 2 0 20
0 20 0 0
1 10 1 10
0 14 0 6
3 10 3 10
7 1 7 1
1 1 1 1

0 4 0 13
6 9 6 9
2 7 2 7

0 20 0 77
0 54 0 23
0 20 0 3
1 8 1 8
0 20 0 0
1 4 1 4
0 10 0 10
5 4 5 4
5 6 5 6
0 24 0 30
0 20 0 10
5 9 5 9
0 20 0 0
1 5 1 5
0 10 0 10
5 6 5 6
5 7 5 7
0 22 0 2
1 7 1 7
0 8 0 14
7 3 7 3
4 5 4 5
0 18 0 2
1 7 1 7
0 14 0 4
2 2 2 2
7 4 7 4

0 24 0 4
2 2 2 2
0 14 0 10
5 10 5 10
7 10 7 10

0 48 0 26
0 6 0 20
0 2 0 18
0 12 0 6
3 2 3 2
6 8 6 8
1 6 1 6
3 6 3 6
0 6 0 42
0 2 0 40
0 38 0 2
1 1 1 1
0 6 0 32
0 20 0 12
6 6 6 6
0 4 0 16
0 14 0 2
1 2 1 2
7 9 7 9
2 4 2 4
3 4 3 4
1 10 1 10
3 4 3 4

0 22 0 36
0 26 0 10
5 4 5 4
0 8 0 18
0 6 0 12
6 7 6 7
3 8 3 8
4 5 4 5
0 10 0 12
6 5 6 5
5 5 5 5

0 2 0 53
0 24 0 29
0 16 0 13
6 2 6 2
0 6 0 10
5 5 5 5
3 4 3 4
0 12 0 12
6 4 6 4
6 2 6 2
1 8 1 8

0 56 0 21
0 10 0 11
5 1 5 1
5 10 5 10
0 6 0 50
0 50 0 0
1 6 1 6
0 32 0 18
0 12 0 6
3 10 3 10
6 4 6 4
0 8 0 24
0 20 0 4
2 8 2 8
0 10 0 10
5 4 5 4
5 4 5 4
4 3 4 3
3 7 3 7

0 6 0 18
0 16 0 2
1 4 1 4
0 14 0 2
1 3 1 3
7 4 7 4
3 5 3 5

0 30 0 28
0 24 0 4
2 3 2 3
0 12 0 12
6 7 6 7
6 2 6 2
0 24 0 6
3 2 3 2
0 4 0 20
0 20 0 0
1 10 1 10
0 4 0 16
0 16 0 0
1 2 1 2
0 8 0 8
4 5 4 5
4 10 4 10
2 6 2 6
2 9 2 9

1 2 1 2

0 26 0 21
0 16 0 5
2 4 2 4
0 8 0 8
4 2 4 2
4 9 4 9
0 14 0 12
6 3 6 3
7 2 7 2

0 12 0 47
0 38 0 9
4 8 4 8
0 24 0 14
7 1 7 1
0 22 0 2
1 7 1 7
0 18 0 4
2 6 2 6
0 6 0 12
6 5 6 5
3 7 3 7
6 6 6 6

0 26 0 40
0 22 0 18
0 16 0 2
1 6 1 6
0 2 0 14
7 9 7 9
1 7 1 7
0 10 0 12
6 6 6 6
5 10 5 10
0 16 0 10
5 5 5 5
0 10 0 6
3 4 3 4
5 8 5 8

0 34 0 41
0 4 0 37
0 4 0 33
0 6 0 27
0 2 0 25
0 18 0 7
3 5 3 5
0 16 0 2
1 2 1 2
0 4 0 12
6 8 6 8
2 6 2 6
1 3 1 3
3 6 3 6
2 8 2 8
2 3 2 3
0 2 0 32
0 24 0 8
4 8 4 8
0 2 0 22
0 16 0 6
3 7 3 7
0 14 0 2
1 10 1 10
7 4 7 4
1 10 1 10
1 7 1 7

2 1 2 1

0 38 0 57
0 10 0 47
0 12 0 35
0 20 0 15
7 9 7 9
0 4 0 16
0 16 0 0
1 8 1 8
0 14 0 2
1 7 1 7
7 5 7 5
2 5 2 5
6 5 6 5
5 8 5 8
0 28 0 10
5 4 5 4
0 6 0 22
0 8 0 14
7 7 7 7
4 6 4 6
3 5 3 5

0 8 0 39
0 16 0 23
0 10 0 13
6 6 6 6
5 2 5 2
0 10 0 6
3 4 3 4
5 10 5 10
4 9 4 9

4 3 4 3

0 6 0 78
0 44 0 34
0 22 0 12
6 7 6 7
0 14 0 8
4 1 4 1
7 3 7 3
0 6 0 38
0 38 0 0
1 10 1 10
0 22 0 16
0 4 0 12
6 7 6 7
2 7 2 7
0 22 0 0
1 8 1 8
0 14 0 8
4 6 4 6
7 7 7 7
3 3 3 3
3 2 3 2

5 1 5 1

0 24 0 7
3 8 3 8
0 18 0 6
3 5 3 5
0 14 0 4
2 9 2 9
7 5 7 5

0 92 0 6
3 6 3 6
0 30 0 62
0 52 0 10
5 3 5 3
0 48 0 4
2 10 2 10
0 6 0 42
0 4 0 38
0 14 0 24
0 16 0 8
4 10 4 10
0 6 0 10
5 7 5 7
3 9 3 9
7 8 7 8
2 3 2 3
3 6 3 6
0 30 0 0
1 1 1 1
0 20 0 10
5 5 5 5
0 12 0 8
4 1 4 1
6 9 6 9

0 4 0 18
0 8 0 10
5 6 5 6
4 5 4 5
2 2 2 2

0 20 0 11
5 10 5 10
0 12 0 8
4 6 4 6
6 10 6 10

0 78 0 20
0 14 0 6
3 3 3 3
7 4 7 4
0 8 0 70
0 44 0 26
0 16 0 10
5 8 5 8
0 2 0 14
7 3 7 3
1 3 1 3
0 28 0 16
0 16 0 0
1 1 1 1
0 6 0 10
5 1 5 1
3 3 3 3
0 20 0 8
4 8 4 8
0 12 0 8
4 4 4 4
6 5 6 5
4 1 4 1

0 12 0 42
0 16 0 26
0 16 0 10
5 6 5 6
0 14 0 2
1 9 1 9
7 6 7 6
0 6 0 10
5 2 5 2
3 2 3 2
6 1 6 1

0 6 0 36
0 10 0 26
0 4 0 22
0 20 0 2
1 3 1 3
0 4 0 16
0 10 0 6
3 6 3 6
5 9 5 9
2 5 2 5
2 1 2 1
5 1 5 1
3 6 3 6

0 14 0 26
0 10 0 16
0 10 0 6
3 6 3 6
5 8 5 8
5 5 5 5
7 9 7 9

0 30 0 30
0 16 0 14
7 1 7 1
0 2 0 14
7 9 7 9
1 2 1 2
0 12 0 18
0 4 0 14
7 5 7 5
2 1 2 1
6 9 6 9

7 1 7 1

0 32 0 43
0 22 0 21
0 14 0 7
3 10 3 10
7 8 7 8
0 2 0 20
0 18 0 2
1 6 1 6
0 16 0 2
1 9 1 9
0 14 0 2
1 10 1 10
7 1 7 1
1 1 1 1
0 28 0 4
2 1 2 1
0 24 0 4
2 1 2 1
0 22 0 2
1 3 1 3
0 4 0 18
0 16 0 2
1 6 1 6
0 4 0 12
6 8 6 8
2 1 2 1
2 9 2 9

0 22 0 21
0 8 0 13
6 2 6 2
4 10 4 10
0 18 0 4
2 1 2 1
0 16 0 2
1 10 1 10
0 4 0 12
6 3 6 3
2 9 2 9

6 6 6 6

0 36 0 5
2 10 2 10
0 18 0 18
0 8 0 10
5 2 5 2
4 6 4 6
0 2 0 16
0 8 0 8
4 5 4 5
4 2 4 2
1 5 1 5

3 1 3 1

0 26 0 9
4 6 4 6
0 18 0 8
4 10 4 10
0 10 0 8
4 9 4 9
5 6 5 6

0 22 0 58
0 26 0 32
0 18 0 14
7 10 7 10
0 12 0 6
3 5 3 5
6 8 6 8
0 6 0 20
0 2 0 18
0 8 0 10
5 8 5 8
4 1 4 1
1 6 1 6
3 8 3 8
0 14 0 8
4 7 4 7
7 6 7 6

0 14 0 28
0 22 0 6
3 3 3 3
0 8 0 14
7 10 7 10
4 3 4 3
7 8 7 8

0 14 0 65
0 8 0 57
0 28 0 29
0 8 0 21
0 4 0 17
0 10 0 7
3 3 3 3
5 6 5 6
2 1 2 1
4 7 4 7
0 24 0 4
2 4 2 4
0 4 0 20
0 16 0 4
2 5 2 5
0 14 0 2
1 4 1 4
7 5 7 5
2 10 2 10
4 2 4 2
7 6 7 6

0 30 0 14
7 2 7 2
0 12 0 18
0 8 0 10
5 1 5 1
4 3 4 3
6 3 6 3

2 8 2 8

0 8 0 11
5 2 5 2
4 8 4 8

3 3 3 3

0 10 0 6
3 1 3 1
5 9 5 9

0 48 0 7
3 7 3 7
0 38 0 10
5 1 5 1
0 2 0 36
0 16 0 20
0 16 0 4
2 5 2 5
0 6 0 10
5 10 5 10
3 2 3 2
0 2 0 14
7 10 7 10
1 7 1 7
1 2 1 2

0 2 0 56
0 44 0 12
6 5 6 5
0 6 0 38
0 18 0 20
0 12 0 8
4 3 4 3
6 7 6 7
0 14 0 4
2 7 2 7
7 3 7 3
3 3 3 3
1 1 1 1

7 9 7 9

0 10 0 58
0 52 0 6
3 9 3 9
0 12 0 40
0 40 0 0
1 8 1 8
0 40 0 0
1 8 1 8
0 38 0 2
1 6 1 6
0 32 0 6
3 10 3 10
0 30 0 2
1 7 1 7
0 4 0 26
0 18 0 8
4 1 4 1
0 8 0 10
5 10 5 10
4 6 4 6
2 10 2 10
6 7 6 7
5 8 5 8

1 7 1 7

4 4 4 4

0 8 0 40
0 28 0 12
6 10 6 10
0 10 0 18
0 4 0 14
7 2 7 2
2 7 2 7
5 2 5 2
4 9 4 9

0 28 0 4
2 7 2 7
0 24 0 4
2 4 2 4
0 12 0 12
6 10 6 10
6 1 6 1

0 16 0 30
0 4 0 26
0 18 0 8
4 1 4 1
0 14 0 4
2 3 2 3
7 3 7 3
2 4 2 4
0 8 0 8
4 6 4 6
4 7 4 7

0 20 0 24
0 4 0 20
0 8 0 12
6 3 6 3
4 1 4 1
2 9 2 9
0 2 0 18
0 10 0 8
4 7 4 7
5 7 5 7
1 3 1 3

0 10 0 49
0 2 0 47
0 28 0 19
0 8 0 11
5 5 5 5
4 4 4 4
0 24 0 4
2 10 2 10
0 8 0 16
0 10 0 6
3 6 3 6
5 10 5 10
4 6 4 6
1 10 1 10
5 2 5 2

7 5 7 5

0 24 0 37
0 8 0 29
0 26 0 3
1 8 1 8
0 18 0 8
4 4 4 4
0 4 0 14
7 4 7 4
2 4 2 4
4 8 4 8
0 6 0 18
0 16 0 2
1 2 1 2
0 10 0 6
3 2 3 2
5 10 5 10
3 3 3 3

0 16 0 41
0 26 0 15
7 7 7 7
0 24 0 2
1 7 1 7
0 24 0 0
1 6 1 6
0 24 0 0
1 9 1 9
0 8 0 16
0 6 0 10
5 2 5 2
3 9 3 9
4 4 4 4
0 16 0 0
1 1 1 1
0 4 0 12
6 7 6 7
2 8 2 8

0 6 0 33
0 2 0 31
0 6 0 25
0 8 0 17
0 12 0 5
2 8 2 8
6 8 6 8
4 8 4 8
3 7 3 7
1 1 1 1
3 7 3 7

0 38 0 12
6 8 6 8
0 28 0 10
5 1 5 1
0 22 0 6
3 4 3 4
0 4 0 18
0 16 0 2
1 2 1 2
0 6 0 10
5 4 5 4
3 8 3 8
2 3 2 3

0 16 0 11
5 1 5 1
0 16 0 0
1 8 1 8
0 4 0 12
6 8 6 8
2 1 2 1

4 9 4 9

0 70 0 29
0 4 0 25
0 16 0 9
4 4 4 4
0 12 0 4
2 5 2 5
6 6 6 6
2 6 2 6
0 50 0 20
0 14 0 6
3 5 3 5
7 6 7 6
0 38 0 12
6 6 6 6
0 20 0 18
0 16 0 2
1 5 1 5
0 10 0 6
3 3 3 3
5 2 5 2
0 8 0 12
6 6 6 6
4 7 4 7

0 18 0 10
5 2 5 2
0 4 0 14
7 8 7 8
2 1 2 1

0 44 0 10
5 3 5 3
0 22 0 22
0 12 0 10
5 6 5 6
6 5 6 5
0 10 0 12
6 9 6 9
5 8 5 8

0 50 0 36
0 34 0 2
1 10 1 10
0 6 0 28
0 20 0 8
4 10 4 10
0 20 0 0
1 4 1 4
0 12 0 8
4 6 4 6
6 9 6 9
3 4 3 4
0 42 0 8
4 6 4 6
0 14 0 28
0 8 0 20
0 4 0 16
0 6 0 10
5 4 5 4
3 7 3 7
2 2 2 2
4 3 4 3
7 8 7 8

0 42 0 14
7 8 7 8
0 10 0 32
0 6 0 26
0 8 0 18
0 6 0 12
6 10 6 10
3 10 3 10
4 9 4 9
3 8 3 8
5 4 5 4

0 6 0 79
0 22 0 57
0 36 0 21
0 16 0 5
2 10 2 10
0 14 0 2
1 2 1 2
7 9 7 9
0 26 0 10
5 10 5 10
0 22 0 4
2 1 2 1
0 4 0 18
0 12 0 6
3 3 3 3
6 3 6 3
2 9 2 9
0 18 0 4
2 8 2 8
0 16 0 2
1 7 1 7
0 6 0 10
5 1 5 1
3 9 3 9
3 7 3 7

0 2 0 21
0 6 0 15
7 9 7 9
3 3 3 3
1 3 1 3

2 4 2 4

0 26 0 52
0 50 0 2
1 5 1 5
0 32 0 18
0 2 0 16
0 16 0 0
1 9 1 9
0 2 0 14
7 7 7 7
1 2 1 2
1 9 1 9
0 14 0 18
0 14 0 4
2 10 2 10
7 2 7 2
7 7 7 7
0 22 0 4
2 1 2 1
0 4 0 18
0 8 0 10
5 9 5 9
4 5 4 5
2 10 2 10

6 9 6 9

0 44 0 36
0 4 0 32
0 6 0 26
0 16 0 10
5 1 5 1
0 14 0 2
1 10 1 10
7 8 7 8
3 10 3 10
2 2 2 2
0 42 0 2
1 10 1 10
0 18 0 24
0 14 0 10
5 1 5 1
7 9 7 9
0 12 0 6
3 3 3 3
6 8 6 8

0 6 0 77
0 32 0 45
0 8 0 37
0 32 0 5
2 2 2 2
0 20 0 12
6 7 6 7
0 18 0 2
1 5 1 5
0 12 0 6
3 4 3 4
6 5 6 5
4 1 4 1
0 16 0 16
0 12 0 4
2 9 2 9
6 3 6 3
0 4 0 12
6 5 6 5
2 6 2 6
3 2 3 2

0 18 0 58
0 52 0 6
3 7 3 7
0 32 0 20
0 4 0 16
0 2 0 14
7 2 7 2
1 1 1 1
2 3 2 3
0 6 0 26
0 8 0 18
0 8 0 10
5 6 5 6
4 1 4 1
4 5 4 5
3 6 3 6
0 8 0 10
5 4 5 4
4 10 4 10

0 56 0 5
2 8 2 8
0 32 0 24
0 18 0 6
3 2 3 2
0 14 0 4
2 1 2 1
7 4 7 4
0 20 0 12
6 4 6 4
0 4 0 16
0 12 0 4
2 9 2 9
6 4 6 4
2 8 2 8
