11 23
1 7 8
3 4 8
1 2 1
3 10 9
2 10 9
2 10 11
1 7 2
2 5 4
2 2 1
2 9 8
2 6 8
4
2 8 7
2 9 10
1 10 3
4
3 8 9
4
4
1 9 10
2 5 2
3 10 8
1 4 3
22 79
4
3 15 16
2 3 6
3 2 1
4
4
2 20 22
2 17 15
2 6 5
3 4 3
2 2 1
2 22 21
3 21 22
3 9 10
4
3 15 9
3 11 21
1 14 15
2 10 12
4
3 6 4
1 11 16
2 18 19
2 15 17
2 14 8
1 15 19
2 3 17
4
4
3 6 5
2 14 13
3 14 15
4
3 4 3
1 13 15
3 12 11
4
1 10 9
2 1 16
2 17 16
1 2 21
1 11 13
3 11 12
4
4
3 13 17
1 13 12
2 1 17
1 12 18
4
1 20 21
3 4 5
2 8 7
3 7 8
2 11 10
3 21 10
2 20 21
3 10 9
4
4
2 9 8
4
2 13 4
2 8 7
3 18 7
3 11 10
2 12 1
3 2 4
3 20 21
2 17 22
4
3 18 17
1 20 12
1 12 17
2 21 8
1 8 22
3 13 14
1 12 11
2 15 16
33 6
1 8 9
4
4
2 12 14
3 6 7
2 32 33
44 69
4
3 11 7
1 4 3
1 33 43
3 34 35
2 9 10
3 40 39
2 21 10
3 20 16
2 33 10
2 40 4
1 42 41
2 26 27
2 44 43
2 12 29
4
3 16 24
3 13 24
4
2 31 14
4
4
4
4
2 13 12
1 8 12
2 38 37
4
2 12 27
4
1 11 12
2 37 38
2 28 3
1 19 18
1 18 19
3 41 42
4
4
3 8 7
3 26 25
1 30 29
3 38 35
1 30 31
1 27 28
4
2 42 41
2 27 8
4
1 6 10
3 29 33
4
1 33 34
3 3 20
2 42 43
3 29 28
3 26 7
1 32 33
3 38 39
1 4 5
3 2 1
2 29 5
2 13 5
2 17 16
3 13 41
4
2 13 5
4
2 5 4
4
55 94
3 50 35
2 33 28
3 55 54
3 23 18
1 38 40
2 6 7
1 27 30
3 52 36
1 26 41
4
3 33 8
4
3 54 53
1 48 27
4
3 47 46
1 6 5
2 23 22
3 42 43
4
3 24 23
3 20 21
1 36 35
2 24 49
3 30 37
4
2 11 12
3 2 3
2 34 5
4
2 20 43
4
2 34 38
2 20 21
4
4
2 20 16
1 2 29
3 30 51
3 3 4
3 21 20
2 30 29
4
2 28 29
4
3 27 25
1 4 53
2 5 19
4
1 12 13
1 50 51
2 40 41
4
4
3 3 2
1 54 2
3 29 30
3 24 25
1 54 46
1 42 22
2 14 13
2 10 11
1 34 15
1 42 51
2 7 8
3 22 37
3 55 33
3 31 30
4
4
3 43 42
3 28 11
4
2 3 22
4
3 34 33
1 52 51
2 36 37
2 7 4
4
2 14 15
3 33 29
4
3 31 32
2 4 5
2 36 38
2 44 24
1 45 44
1 33 32
2 21 22
1 42 34
3 43 15
3 40 9
4
60000 248
1 9187 32641
4
1 41230 19386
4
4
4
2 29751 29752
3 14379 6585
4
4
2 5493 5494
2 12681 17169
1 59315 59316
3 57853 57852
1 33193 7737
1 29015 29016
4
4
2 28922 50072
1 17447 27884
2 14763 30573
3 22858 30124
4
4
3 10671 10670
2 44048 12002
3 31394 31393
4
1 40473 40472
1 34485 27821
2 43875 43874
4
1 1306 56506
3 359 360
2 43829 50695
4
3 15899 31421
4
2 15883 15884
2 54813 20581
1 29384 29383
2 20759 46529
3 57989 57990
3 30701 30700
4
1 35619 35618
4
2 38408 3077
3 48944 11121
1 54202 54201
1 28789 28788
4
3 16123 16124
2 40243 40244
4
1 10819 38422
1 55021 6738
4
3 24417 49369
3 2461 30911
4
2 22461 51457
2 38938 38939
1 11653 11654
2 45465 25139
2 13652 15654
4
4
1 16297 16296
1 48309 3052
3 23669 23670
3 37277 37278
3 5901 8673
3 17279 17280
1 53004 53003
1 21354 21353
4
3 49657 49658
2 52255 31404
4
4
4
3 17836 18492
4
2 39272 39273
3 47967 18752
1 16815 9431
4
3 15450 15451
1 31961 38716
4
3 31268 31269
1 58452 31337
2 13794 13793
4
2 16565 16566
4
4
3 36788 36789
3 12283 12282
2 57530 57529
1 41397 41396
3 21348 21349
4
4
2 28672 28671
2 43325 5226
1 15938 46754
1 33343 6264
2 26609 43516
1 34975 25038
2 35682 35683
3 45386 45387
2 46403 36255
2 20068 20069
2 1852 59119
3 2942 2941
3 21541 36560
1 51311 4935
4
2 33399 33398
3 57492 23209
2 15734 15733
3 34567 40685
2 14931 14932
1 50827 56279
3 36935 2889
3 6521 6522
3 52111 39538
3 5842 53270
4
3 41895 59008
1 51558 42348
1 29366 17359
2 28327 28328
1 20199 20200
1 34527 10641
1 2503 41154
1 3646 37643
3 10010 27626
3 44556 22276
4
4
3 57108 57109
1 3395 3394
3 10558 10557
4
3 14320 7598
4
2 56758 56759
1 10207 10208
1 31609 31608
4
1 4254 48039
2 32269 32270
3 50339 40786
2 11615 43042
1 8838 23846
1 1054 1055
2 57310 57309
1 38497 21654
2 9880 9881
4
4
4
4
4
2 36412 36411
1 55794 11054
1 3877 3878
1 34382 34383
1 32554 32555
3 15833 21750
1 31314 31313
2 44363 44362
3 58126 58125
2 4414 4413
4
4
2 29171 40331
4
2 5306 7399
3 821 14167
2 27021 13550
3 52888 49571
3 6420 19787
3 59819 49163
1 4107 26527
3 4061 4060
1 42187 42186
3 54692 54693
4
4
2 10719 10720
3 12486 33426
2 10085 10086
2 34350 51079
2 8841 13371
1 23840 58883
4
1 28500 28501
4
3 28922 28923
1 51396 51395
4
1 8847 8848
2 50567 10948
4
2 17431 6098
4
4
1 2856 36215
2 48520 48521
1 18739 55629
1 47895 40361
4
3 53033 53034
2 24889 12437
4
4
1 17276 17277
2 57971 57972
2 6353 6352
4
2 7760 47652
2 589 590
1 35278 7973
1 27861 3330
4
3 52757 52756
1 50678 50677
2 39027 3457
4
4
3 23987 23988
1 7696 7697
1 798 799
3 19966 12863
3 50948 7435
2 58486 58485
2 27308 27307
2 10069 10427
4
3 32119 59452
3 20308 38971
2 33938 25255
3 45688 184
3 21791 48079
70000 541
3 999 36696
3 67183 23063
2 45216 11852
3 19228 19227
1 51988 51987
1 34940 31259
1 55705 55704
2 52892 52893
3 36222 36223
2 5402 5403
1 34140 30954
1 42508 42507
3 31568 29228
3 2671 32686
2 58275 58274
1 11711 42251
4
2 23128 23127
4
3 44968 1832
3 52859 52860
2 58247 58248
2 66640 66641
2 16202 16203
3 8953 50762
4
3 44515 39066
3 67530 67531
3 25016 25017
1 4918 4919
4
1 16286 41070
4
2 53112 27602
4
2 65160 23014
1 58784 58783
4
4
2 54082 26587
2 26342 26341
1 40999 41000
4
1 23215 28541
3 51871 28676
3 22788 22787
1 38324 38323
2 65095 3725
2 16652 16651
1 52622 68781
4
1 60574 60575
3 4264 4265
1 66976 33652
3 28643 28642
4
2 64112 6959
1 27523 3056
2 46548 46547
1 42185 8799
1 8480 13998
2 39934 21182
1 39572 39573
1 50 51
1 35058 35057
4
3 5485 5484
4
2 26318 19945
4
2 7157 7156
2 12225 12224
4
1 33515 33514
3 33391 33390
1 50541 11547
1 60967 60968
3 48585 48584
2 49372 46693
4
4
2 40445 22248
3 39943 39942
3 68505 68506
2 14262 14263
4
4
2 8997 50885
3 28724 69325
2 51496 1282
4
4
3 61114 61113
2 39409 35389
2 49394 30769
2 16765 16766
1 13467 13466
1 45801 45800
4
3 57208 41276
1 32636 20504
3 38903 38902
4
4
4
1 32525 32526
1 58695 40655
2 58429 42275
4
2 48846 15477
2 51988 51989
3 50606 50605
4
3 15245 62217
4
1 22514 22515
1 63128 63129
1 17734 17733
2 5685 5684
2 33149 33148
1 8622 8621
2 35528 35529
1 38359 23948
2 23905 5389
3 55733 55732
3 54910 48864
3 17272 17273
4
1 58327 58328
2 13305 13304
2 14052 14051
1 18937 18938
4
3 35228 35227
2 37495 6086
4
2 30030 30029
4
2 65679 45473
4
2 20405 20404
1 57691 33376
4
1 9430 9431
2 7096 36346
2 45550 45551
3 13321 20280
2 7686 50919
4
3 49616 49615
3 17392 17393
2 24679 24680
2 35656 35655
2 60305 6637
2 8072 8071
1 43269 43270
4
3 49438 49437
2 61229 25352
1 57766 5166
3 55453 55452
1 51481 51482
1 990 991
1 16709 16710
1 40570 40571
4
1 36546 36205
2 53499 53498
3 54337 53003
2 66284 66283
1 12743 44224
2 68179 68178
2 6857 6856
1 60361 60360
2 46547 46546
3 46475 33411
3 10893 10894
2 13235 14732
3 65738 219
4
2 46798 46799
3 55458 55459
3 38399 10756
1 16879 16878
3 13682 13681
4
1 40722 42027
3 13165 13166
3 1871 1870
2 172 22105
2 35368 33944
3 29598 29597
3 56043 56042
2 54533 59748
3 48667 42534
1 49074 34986
1 29022 65962
4
1 68274 21537
1 25632 25631
3 12807 12808
1 44813 50380
3 20665 23456
2 26067 26068
3 12482 12483
4
1 46231 46230
4
2 44369 21871
4
3 53741 3112
2 2773 30728
3 27107 65131
1 63973 27451
1 42695 30945
1 20835 20834
3 54616 1922
4
1 66885 21537
3 64877 64878
1 2716 2717
1 57022 8236
4
1 42806 59523
2 61750 61751
4
1 16456 16457
2 48649 48648
4
3 51119 21071
4
3 26266 26267
3 36826 14552
3 36850 33132
2 9631 24684
2 57610 57609
3 27468 4307
1 45542 45543
4
4
2 69219 69220
4
2 6178 61469
4
4
2 28406 63664
1 68511 68512
2 40839 36747
1 1368 40105
2 62961 55854
4
1 69558 69557
4
1 547 548
2 21415 21414
1 67186 47767
2 36915 49005
1 66930 36915
3 10793 10792
2 63152 58999
2 23305 9548
2 25034 60569
1 40910 40911
4
3 13813 13812
2 49368 49369
1 14808 35570
4
2 10651 10652
2 57797 57796
1 51013 51012
2 12296 31269
4
2 32799 49104
3 69277 47411
1 25580 25581
2 14258 61927
3 42968 42967
1 19434 10811
1 4667 61268
2 6637 6638
2 9949 9950
4
4
1 31785 4066
2 21472 56052
1 36962 52750
1 2774 2773
4
4
2 10325 10324
1 3344 48687
3 60638 57293
1 35160 24078
4
4
1 54725 54726
3 68467 68466
2 11076 25696
3 49389 2216
2 30884 16595
3 772 64420
3 59122 9700
1 3936 22585
1 15709 15708
1 45275 45274
1 50813 22556
1 58128 58127
2 20491 20490
3 42933 46023
3 41734 43300
2 26698 26697
1 54225 52424
4
4
2 21532 21533
2 34863 52573
3 60053 60054
3 35548 35549
3 53495 53494
1 60639 16674
4
1 36917 36918
1 3657 32864
3 26391 26392
2 49285 9441
4
2 48709 48710
2 41113 41114
4
1 47837 47836
3 47220 2057
2 1011 1012
4
1 6725 6724
4
3 33762 33763
2 13101 63127
4
1 14677 14678
3 51136 51137
2 33106 33107
1 59883 58361
4
3 27714 37001
4
3 36892 23782
3 29114 29113
1 6805 31767
4
4
2 3610 44587
4
1 13336 13335
1 29580 29265
3 69921 45422
3 21253 21254
4
4
3 8291 8292
2 46677 46678
2 3452 3451
2 17531 17532
1 21885 21886
1 11103 43492
3 37886 392
2 61675 20571
1 8325 18563
3 47741 7793
1 16868 16867
4
3 11533 31242
3 67955 67954
2 50146 50145
4
1 24487 24488
3 38986 44151
3 9092 9091
4
3 61356 49668
3 65108 7144
4
1 56455 35585
4
1 51860 51097
3 13497 34871
4
3 25164 65230
4
2 4550 4549
3 33558 1373
3 7993 58540
1 30834 30833
3 70 31107
1 59761 46303
4
4
4
2 33014 33015
1 29474 17152
2 4590 54823
4
3 2130 26393
3 30316 12661
3 19585 3408
2 26232 26233
2 6879 62154
4
4
1 18226 18225
3 37197 37196
3 59722 54612
4
2 4309 39436
2 45785 16006
3 20123 23657
4
1 38181 1646
3 55042 55043
4
1 39413 39412
3 17774 33446
2 43972 43973
2 9844 9845
1 26908 63895
1 25644 25643
4
1 26101 26100
2 19105 19106
3 24261 15540
4
3 21197 54975
3 43410 43409
2 20281 41927
1 40566 63087
2 44307 54683
2 48045 22792
2 53633 53634
4
4
1 54455 63652
2 9429 42349
1 64877 2027
3 23015 4507
1 49623 49624
3 21644 21645
1 39223 51401
4
3 26398 26399
2 69490 52723
2 48195 58721
4
4
3 62438 62437
2 60007 60006
1 10374 10373
1 43769 43768
1 57214 11074
1 43329 23537
4
1 64395 64396
1 28001 48136
4
4
1 34428 34427
1 54605 54606
2 29115 37154
2 1530 1531
3 29381 11335
1 25474 25473
1 63184 63183
2 63034 63033
3 29346 34146
2 67093 39580
1 60832 25353
2 5639 5638
2 35694 35695
3 62666 63501
3 35260 35259
4
1 68691 21387
1 3115 3114
1 46323 18622
1 21309 50
2 5073 64055
4
3 62549 27821
1 45418 45419
4
3 25318 25317
2 41376 23963
2 21369 5401
1 6434 6433
2 37244 37245
4
4
4
4
3 2224 11665
3 10517 6859
3 18618 17419
1 54250 54251
4
3 67604 57145
4
4
4
4
1 5826 5825
2 44070 33276
3 18284 53973
2 6797 6798
1 36111 8274
3 12717 34510
3 27357 27358
3 48271 55388
3 65687 37328
3 66613 47855
2 30044 25485
1 63999 43029
3 29410 29409
3 69184 17822
4
3 6079 6080
3 28625 8148
1 19433 10505
3 3777 37331
2 38928 38929
2 26936 15313
1 66108 9621
3 51215 51216
4
1 69624 11390
1 61681 61682
4
2 18401 18400
4
2 27972 27971
2 46339 46340
4
3 41182 36495
80000 731
2 69245 69244
2 11927 11928
4
2 15843 15844
1 18805 18806
2 76808 76807
4
4
3 10205 35973
3 21215 21214
1 67100 17296
1 53669 53668
1 37130 38635
4
3 46899 37048
1 19861 19860
4
2 68513 67859
3 17587 17588
2 35914 35915
1 48994 48995
3 32680 42788
3 42054 13721
4
4
3 51449 51448
4
4
4
3 72590 56424
4
4
1 74900 76716
2 37968 71299
2 53057 77141
2 18973 31579
2 68040 27449
3 15067 72
4
4
3 53358 53357
3 40413 40414
3 13 14
2 4983 4984
4
1 45003 78556
2 18851 65127
3 38401 494
3 55740 19861
2 8920 3761
3 25001 25002
2 50097 6702
2 3235 38266
4
1 52765 79449
4
2 78314 78315
4
3 29757 29758
4
1 43845 43844
1 65478 7952
4
3 27046 27045
3 20181 20180
2 77216 77215
1 62982 20746
3 31109 23999
2 18471 18470
1 24258 78206
3 36314 1232
4
1 52866 52867
3 847 43286
3 43428 21210
4
4
2 30749 30750
3 66891 66890
2 58927 58755
3 23480 408
3 61900 28130
3 73957 73956
4
2 60943 5479
4
2 65104 44501
3 51724 8608
1 78921 58394
3 287 63265
1 28407 28408
2 67093 67094
3 10796 53747
3 42239 42238
1 23142 23141
4
4
1 70342 70343
2 23241 62797
4
3 23062 26665
2 38564 58373
4
3 72513 72514
2 49527 49526
1 35401 37082
1 9132 9133
1 60876 38646
1 75423 32777
4
1 39848 34635
3 7441 7442
2 1868 59137
2 63853 63854
3 76062 66217
3 59575 59576
1 46872 40567
4
1 38376 73001
2 75876 36849
3 73417 16385
1 65370 65371
4
3 29210 29211
4
4
1 26416 27648
4
2 2844 2845
4
2 57358 57359
3 39990 11178
2 1356 68377
2 21664 61376
2 42748 27267
3 10667 62784
3 24245 24246
3 42221 44714
2 34133 34132
2 21811 2029
1 56492 56711
1 41931 41932
3 36368 54633
3 46834 3139
2 4485 35361
3 37432 37431
3 36073 36072
1 16169 55917
1 67482 58203
1 39281 39282
1 55455 34250
2 7350 38586
1 31549 31548
2 49556 49557
3 73241 12777
1 75293 61563
2 38252 38253
2 5135 5136
2 31209 1917
2 25949 25950
1 48066 40795
2 5419 53875
2 67036 67037
1 68517 68518
2 10360 10359
3 27931 70724
1 44676 2893
2 3481 51500
2 45704 45703
3 79805 79804
2 69729 69730
2 34967 77495
4
3 11258 11259
1 77440 29366
2 24643 24644
2 33347 33348
4
2 52506 72425
2 20157 30777
2 51343 7837
1 59038 26600
2 77328 49160
4
1 45885 45884
1 64070 64069
3 32927 32928
4
2 40952 54887
3 67028 67027
1 68793 68794
2 21301 62327
3 73579 73580
3 35799 36323
3 26572 26571
4
1 73434 53692
2 32332 32333
2 75551 55216
3 29587 29588
4
4
3 19285 17756
4
3 23011 74418
4
3 59036 59035
2 19900 12131
3 78663 78664
2 71142 77064
1 57012 61671
2 9635 77434
3 74613 37927
1 39966 75948
4
4
3 8083 70551
4
3 71059 71060
1 78170 66996
3 1991 32327
2 18477 25469
4
4
3 27692 42784
4
4
4
3 41865 41864
1 43196 40423
4
4
1 50178 50177
3 23896 17479
3 63672 65975
2 6553 67942
1 78985 78986
2 53537 53538
3 14003 14004
3 65782 65783
3 18993 18994
1 59955 59954
4
3 43454 41978
2 42448 64193
4
1 5532 5531
1 22345 52375
2 9166 34525
3 3219 3220
2 71815 70299
2 23675 23676
3 31540 31539
3 66037 66036
4
1 20438 20437
4
3 25393 32357
1 74142 69134
2 78392 78393
3 31444 31445
1 17381 17380
2 77335 77682
3 17931 17932
4
4
2 70783 70782
2 67962 58075
3 38790 38791
1 8415 60262
3 26912 77553
4
1 66922 64389
1 79722 46032
3 59105 59104
4
4
2 47457 9731
2 76656 76655
1 48851 41722
4
2 53238 17399
1 31135 31134
4
3 27327 27328
2 74943 74942
2 52051 52050
2 943 944
3 55743 55744
2 5688 5687
3 49372 56296
2 54143 53553
2 65965 328
4
3 77772 77773
3 59372 64452
4
3 56758 50238
3 13700 65209
3 33520 38514
4
1 18053 18054
2 13449 10839
3 11732 11733
3 39991 39990
3 15418 15417
2 40694 40693
3 73560 73559
4
2 22557 22558
1 41108 55288
4
2 67577 13822
4
3 2360 2361
3 50404 50403
3 58602 9940
1 38978 67777
3 11651 75378
4
2 75016 49966
3 23955 21362
1 25811 46247
1 31070 31071
4
3 10885 10886
2 57934 57935
3 74818 32881
1 53571 53570
1 46100 46099
2 28219 28220
2 61217 76702
3 62099 62098
4
4
2 20901 20900
2 75761 57722
1 62059 62060
2 45293 45294
4
1 68036 57765
4
1 15237 15238
4
1 46278 13040
4
4
3 1620 48984
4
3 30755 4575
1 79713 23602
3 71753 17389
4
2 55675 20252
3 61979 15133
1 17814 17813
1 27835 30290
3 30141 75370
2 20328 54979
2 5506 72614
3 77528 77529
3 17345 17344
2 42727 15979
4
4
3 26564 20145
3 4675 4674
2 79102 79101
4
4
4
4
4
2 15484 17707
1 70989 18520
2 30249 42784
4
2 36618 36619
4
1 7024 7023
3 21765 21766
2 64619 64618
1 30783 62312
1 28568 36325
3 38094 38093
3 29840 30846
4
1 17615 17616
2 57456 57455
3 75383 75384
3 33254 33439
1 60554 61633
4
4
2 66935 66936
1 5309 5308
1 60545 60544
4
3 2620 2619
3 42326 76920
2 62175 71807
3 136 23469
1 24972 53588
1 23787 62245
4
2 70857 70858
3 31523 37202
2 49053 49054
4
3 10685 10684
4
4
3 32003 75505
2 59815 59814
4
4
4
4
3 11482 72924
2 64111 64112
1 20446 20447
4
2 33383 33382
1 30766 30765
2 20485 20484
4
4
4
4
4
1 31539 5486
4
3 72511 72512
4
1 9404 9403
3 52465 52464
4
2 48309 48308
3 38133 38134
1 47650 6129
2 38960 38959
2 58943 35977
4
1 69621 69622
4
3 48082 48081
2 25425 25426
1 47056 70485
1 21777 3012
3 2518 26738
1 5629 5628
4
2 50456 38413
3 61309 61310
4
1 44238 72933
4
2 38487 65746
4
2 47674 47673
1 44507 44508
3 53962 53961
2 11741 11742
4
2 4964 4965
1 62915 55744
3 27941 27940
2 27003 27004
4
3 51081 11574
4
3 52180 52179
1 66031 66030
2 53301 53302
4
1 49213 70206
4
2 53471 61319
1 71739 71740
4
2 22058 22059
1 34514 34515
3 9418 70614
1 61493 61492
4
2 35024 1469
1 11444 52153
4
4
4
3 36421 36420
1 1596 1595
2 11444 35301
1 16148 16149
1 70942 70943
1 63111 63112
4
1 39070 39071
2 68030 68031
1 64336 36993
1 26047 26048
4
1 22480 16296
4
4
4
1 78143 78144
4
1 29498 29499
2 27814 27815
1 33631 73469
2 67932 74328
4
1 4539 4540
3 48406 48405
1 66011 66012
3 19315 19316
4
3 11226 30417
4
4
1 6038 6039
3 29649 29648
4
2 53245 53246
4
2 20350 49741
1 34524 34525
2 17018 17017
1 21124 21123
2 27902 27903
1 10202 76346
4
3 72746 51829
3 55954 42398
3 50314 50315
1 8270 33075
3 23502 78045
3 78136 78135
3 36350 76590
1 26238 26239
1 36787 78217
3 6469 6468
4
2 63571 63570
1 12937 12938
1 28331 34296
4
3 76450 76449
1 36775 32880
1 35060 35059
1 68708 68707
4
3 61217 61956
2 72362 64874
4
4
1 44800 44801
4
1 71656 71655
4
2 29789 29788
3 39089 44598
2 48358 48357
4
4
4
3 25955 25954
4
4
1 50971 73784
2 63341 22254
3 16234 16233
1 12997 12998
3 4383 42836
2 55427 1935
4
3 28130 7399
1 16723 16724
3 22206 22207
1 7505 7506
4
4
4
2 77942 77943
3 53659 53658
3 59596 9412
4
1 38548 38549
3 1386 1387
2 36112 36113
4
4
1 53691 3828
3 72317 72318
2 58519 58520
1 48069 65827
4
3 69096 57580
1 56972 56973
4
3 30235 30234
2 48648 37769
4
3 56000 55999
4
1 11898 11899
3 75235 75234
4
2 41463 41464
3 25459 51170
2 17362 4539
4
4
3 70533 74095
1 27765 27764
3 60013 6414
1 14988 12437
2 39152 39153
3 48456 48457
1 50747 50863
2 24937 24938
2 72203 72204
3 20542 35989
3 11399 19493
2 68288 44562
3 60016 60017
2 55211 48853
3 25169 25168
3 19070 298
3 16041 16042
2 49817 4741
2 79270 79269
4
1 7649 59661
4
1 79525 79524
1 15100 15099
4
3 52503 52504
3 64786 6256
1 37004 62538
3 20870 14484
2 36144 40291
4
2 31703 31704
1 44189 44524
2 75158 41446
4
2 78359 56565
4
3 47617 47618
1 3439 3440
1 52106 48730
3 16301 13037
1 1040 1039
4
4
2 30642 30643
3 40891 9832
2 8788 36418
2 34885 34884
2 41704 62066
1 35106 35107
3 38553 5600
3 70636 35831
2 13503 13504
4
4
1 25521 25522
1 69037 69038
1 44757 44756
4
4
1 8236 62878
1 39969 39970
2 23813 23814
4
4
3 11823 11822
3 77867 48086
1 48987 48988
3 71650 71651
4
3 7254 7255
4
2 51103 79973
1 59153 7654
4
2 49943 7961
1 58127 72377
3 35619 35048
2 44318 43766
3 79953 157
3 2304 2303
4
4
4
1 56434 50479
2 65190 65189
1 29769 27294
1 31153 11919
3 37479 37480
3 19721 19720
1 23378 23377
2 69949 69950
2 19852 70741
2 807 808
1 15444 15443
1 7120 7121
3 63447 63446
3 31356 31355
1 31223 63360
1 31464 14987
1 47142 47141
4
2 49380 49379
4
4
2 59715 59716
1 18155 74067
2 36771 51545
2 73086 73087
2 73470 32631
4
4
4
4
1 48077 48078
3 70375 10977
1 7416 7415
90000 186
1 790 57686
4
1 16905 16904
2 83916 75443
4
2 52160 72107
4
2 8827 67401
3 48921 48922
2 23802 23803
4
4
3 24356 13790
2 6769 6768
1 14948 67822
2 25613 26295
4
3 22353 22352
3 88578 88916
3 27394 50617
1 52155 81509
1 55509 62402
2 11809 25307
1 83686 74604
3 79532 79533
4
1 48486 67989
2 25233 75805
1 51464 51465
4
3 45827 65266
2 32889 32888
4
3 51989 14109
1 14063 82296
1 2208 68669
1 3114 3113
4
3 9941 9940
4
1 64646 19925
3 18476 25935
3 63552 63551
2 53324 53325
4
1 87560 9763
4
3 38466 38467
2 63940 35807
4
4
2 33747 33748
1 68997 68996
4
1 20590 71171
2 54641 54640
2 5978 89675
1 85644 48128
3 89039 17565
2 33565 33566
3 88973 88972
1 35686 86564
2 55687 55688
3 44419 44418
4
3 10170 10169
4
4
2 24166 24165
2 18802 55520
3 75408 45046
2 55146 55147
4
1 89481 50157
2 70634 70633
3 27347 27348
4
2 27976 64053
3 40502 33784
2 11281 54595
1 37400 83016
1 87032 87031
1 32087 79813
4
4
3 46211 46210
1 80669 7594
1 54547 54548
3 58253 58254
4
3 29245 43003
2 69322 69323
4
4
3 9702 21929
3 83487 77616
2 42974 42973
3 32696 43677
4
3 34293 34294
2 26983 26982
3 25297 89715
1 20098 79983
4
2 15477 15476
3 10938 71808
2 30627 30628
3 43457 33442
1 42680 80088
3 2419 2418
2 89246 89247
4
3 10668 63162
2 44877 62771
1 29138 1574
4
1 86422 89013
3 67459 67458
1 79658 26554
3 64647 64648
4
4
1 36943 36942
2 4172 69636
4
3 64539 64538
4
1 45017 45016
1 50392 32756
3 60793 60794
1 45906 45905
1 78605 66106
1 89469 49689
1 84821 84820
1 74742 74743
3 77646 28937
4
4
2 17915 17916
2 12662 12661
1 51254 51255
3 25090 25091
2 13901 42787
4
4
4
1 25383 56105
4
2 38184 38183
3 59983 34277
1 46900 46901
1 45705 11725
3 89087 89086
3 30682 63541
1 39977 82918
3 56158 72412
2 41006 41007
1 64333 39775
3 9612 9611
4
2 47140 47139
2 85544 2038
2 44252 44251
1 74784 80340
2 76716 64633
2 57621 34857
3 85539 85538
1 29000 28999
3 67242 6562
3 19095 19094
3 76509 76510
4
3 52865 52866
3 62911 9237
1 40927 40928
4
1 1195 70377
4
3 77439 77438
2 18944 5467
4
4
2 29785 5661
1 14160 14161
2 16582 26822
3 31180 31179
100000 825
2 97726 97727
4
1 2296 78529
1 12020 94333
4
1 18368 50935
4
3 30730 21410
4
2 77861 31733
3 62185 19633
3 53258 93777
4
3 46381 65970
2 4707 354
1 42217 42218
1 572 573
4
1 355 76197
4
4
1 81552 79653
3 61446 61445
2 4155 49609
1 70172 2840
2 16361 16362
2 87518 87517
1 71826 71827
2 4049 4048
3 40512 40511
4
3 76274 76273
2 19750 19749
1 10595 54434
3 98227 98226
2 30908 31971
3 55178 55179
2 26514 26513
3 93647 69584
2 58463 93989
3 97451 24625
1 98601 98600
3 3274 3275
1 93750 96439
2 349 350
4
4
1 24939 24938
1 87887 87886
4
3 43631 72460
2 34593 89980
3 44616 44615
2 19918 19917
2 90545 89325
2 35816 35817
4
2 51600 38960
4
3 77376 58595
4
3 46950 46949
4
4
3 52655 40521
3 84613 84614
2 93276 93277
1 40502 84329
2 44154 55884
3 91453 26932
4
2 28136 28135
2 53128 53129
4
4
4
2 33238 5427
4
1 94974 94975
2 4201 24177
3 97585 29565
3 70639 75523
2 61804 61803
2 68234 52359
4
2 86581 86580
4
3 72322 63524
2 79954 79953
3 77532 77533
4
3 52129 52130
2 98384 38209
3 51787 3917
4
4
1 5751 5752
1 32539 32538
4
2 96435 96770
1 76175 34009
4
4
4
2 10781 10782
3 19776 19775
4
1 33387 33386
2 27673 27672
3 70803 70802
1 68598 15380
4
4
1 66048 81597
2 79864 93881
1 44961 44960
4
3 44484 25492
1 36026 36025
1 1568 620
1 29779 29780
2 97150 5815
4
2 68687 68686
3 31692 75284
2 87646 51911
2 99426 79083
1 65917 65916
2 99104 99103
4
1 86850 61692
4
3 94516 16818
3 73224 73225
3 79511 46885
1 54209 54210
2 53397 29330
4
1 78201 78202
1 26603 78736
2 87617 87616
1 8697 44315
1 9209 87023
3 82915 82914
4
4
3 38620 38621
3 29025 67831
3 28761 18155
3 56508 56509
4
3 41967 41968
4
1 58109 24013
1 66464 65119
4
4
1 91676 91677
4
3 21204 21205
1 6740 6741
4
2 75754 42724
2 65804 65803
2 16583 16584
1 55628 66800
2 47094 47093
4
1 82994 82993
1 70853 13448
1 87128 87129
2 68024 68025
1 24326 1939
3 20501 24081
4
4
3 79604 79605
1 45369 45370
4
2 32098 32099
4
1 12527 12528
3 6832 88575
2 25845 25844
1 64985 64984
3 57834 32514
1 96658 96659
1 52755 52032
3 62913 62914
3 10042 34654
3 24639 82817
4
3 73975 92533
2 45232 96884
2 33139 33138
2 42312 42313
3 27602 5283
1 99127 59754
3 67019 92651
3 70611 70610
2 4201 77619
1 54530 54531
1 23607 23606
1 52501 52500
1 8377 8378
3 97618 56989
1 37894 70056
1 31826 71815
4
1 53790 93033
4
3 81076 43459
2 80248 80247
4
4
1 64326 64325
4
2 68046 98007
4
2 7666 7667
3 60687 16403
4
4
3 43150 50007
1 8973 99399
4
1 3182 89187
2 59388 59389
3 91831 32890
1 1980 1981
3 55564 89750
1 13940 58705
4
1 71592 61765
2 7333 9127
4
4
2 87923 87922
2 55836 55837
4
4
3 99532 99533
1 73147 73148
2 93028 14208
4
4
2 31260 31261
4
3 38373 38374
4
2 88227 43250
2 21496 21497
4
4
1 39628 39629
2 25672 25671
2 68641 68640
4
3 84734 84735
3 73451 1181
1 36729 36730
1 76037 791
4
1 40371 40372
4
1 32025 32026
4
1 14108 69838
1 94080 33851
2 7420 95306
3 86191 75224
2 96211 96212
4
1 55772 55773
1 47999 45423
2 1374 1373
2 41710 44348
2 15939 15940
2 81501 41167
1 38967 38968
2 4248 21931
3 99528 99527
1 55545 55544
3 40744 91640
1 79503 79504
3 85978 62012
3 33739 28621
4
2 74592 74591
4
2 74137 71566
2 47049 47048
2 92002 92003
4
4
1 38249 38248
3 74005 19347
4
1 7818 7819
1 92535 92534
1 4543 17807
1 3374 3375
4
2 45959 45960
4
1 74641 74640
2 83432 83431
1 58522 58523
1 8982 99897
4
1 34072 32198
1 35137 35136
2 55542 88524
1 56358 50541
1 25683 25682
4
4
3 34049 17130
2 38766 7778
2 64068 64069
2 69242 69243
3 60845 60846
1 21010 21009
4
3 20301 20302
1 46626 30784
2 77723 50855
1 87413 56406
2 57013 51681
2 79717 24262
1 93341 76890
1 35912 35911
2 81730 91295
1 91332 91331
4
2 7822 7821
3 44940 44939
1 48755 48754
2 47560 47561
3 23370 61830
3 5 4
1 74247 74248
1 42561 7200
1 31149 31150
3 93539 96771
2 85910 85909
3 5270 80261
1 20959 20960
4
4
3 43017 43018
3 64438 8342
3 29609 29610
2 62104 58905
4
1 69180 69181
1 40584 22409
4
1 60671 95845
4
4
3 75747 75748
4
2 77448 77449
1 63134 63135
1 56432 48923
1 34253 19691
3 78358 95514
2 60162 60161
2 31094 73863
1 57965 57966
4
3 41592 41591
1 49843 49842
2 37040 58209
1 81899 67639
4
4
3 26879 26878
4
2 60872 60873
1 28109 3911
3 73093 97475
4
1 69909 17434
4
2 16132 16131
2 2026 56775
1 26548 77444
1 17303 17302
3 63078 74594
3 51301 69313
3 58940 6573
4
1 3 4
2 11901 56658
4
4
1 62475 62476
4
4
4
2 46270 85001
3 6527 98944
1 43796 58197
2 19134 93726
3 65581 27834
4
4
4
1 77417 6497
3 97434 83408
3 49325 61496
2 64287 64286
3 54741 54742
1 86139 86138
4
1 31607 31606
2 58505 58506
4
2 93367 17835
4
1 79429 79428
2 88343 88342
3 9183 9182
2 20909 50004
4
1 16747 16748
4
2 90189 90188
4
2 49715 9997
1 77030 77029
1 58987 50766
3 20449 40257
2 9949 65670
2 5623 5624
1 56859 56858
4
4
3 61603 61602
4
1 57241 57240
1 99503 99504
2 95912 95913
4
4
3 22905 45374
1 8574 28121
2 64607 55890
2 27248 27249
2 21096 21097
4
1 25179 25178
1 67338 67339
1 98961 98962
2 51286 35570
1 61550 11590
4
1 95454 20386
2 95137 22456
1 21865 21866
3 6979 15093
3 35059 52600
2 13579 13580
1 30268 77865
4
3 7169 3777
2 21885 21884
4
4
4
4
4
1 52672 52673
1 76959 94015
4
3 2269 2268
3 12559 25169
2 69055 69056
1 55956 11228
1 47816 47817
4
4
1 83385 1208
3 80823 62124
2 52283 52284
4
4
2 93967 93968
3 53756 16748
3 41115 27463
3 49502 60637
1 18914 99180
4
3 45978 45977
2 82134 22611
3 55142 55143
1 82713 6027
1 22026 22027
1 27734 67042
2 25198 25199
4
3 69009 69008
3 27560 27559
4
3 81884 74772
4
3 74109 98173
1 41880 52561
2 87742 45221
4
2 55607 28983
2 42330 42329
3 6840 1122
4
2 14401 14400
4
1 15735 15734
1 93749 15828
3 88946 88947
2 95227 90994
4
3 17554 26442
4
1 62862 5801
3 53549 53550
4
2 86461 63433
1 93935 93934
1 92562 96048
3 3428 31768
2 91343 13641
3 3693 97822
4
3 25213 13024
1 70783 21053
3 50138 3030
3 39922 99048
2 37331 69274
4
1 16305 43648
4
1 31314 31315
3 31 32
3 33866 26940
3 60667 60668
2 61110 44195
4
3 28621 28622
2 22703 4337
1 23174 23175
3 36384 36385
4
3 8216 51891
3 97697 50004
4
1 66145 36541
3 40104 40105
3 60315 60314
4
2 15915 83285
1 24757 24758
4
2 8322 19582
3 64895 64896
1 99386 80037
1 94303 94304
3 58776 58777
2 50289 50288
4
3 63514 39247
4
1 44497 44498
1 68271 68270
2 96268 96269
2 2151 2150
1 60653 32658
2 72653 336
3 20605 20606
2 7419 7420
4
4
1 73435 42360
3 20919 51461
4
2 41899 89234
1 61423 63877
3 1404 1405
4
4
4
1 32651 32652
2 6314 58043
2 85642 19189
2 31202 31201
4
2 63914 61832
3 64764 64763
3 38522 38523
2 66193 12752
4
4
2 11371 50308
4
3 46649 46650
2 76574 76575
2 2175 2174
2 49464 20635
3 72611 72610
3 78204 16638
3 48399 48398
1 21456 64748
1 40268 40269
4
4
4
2 77970 77969
2 97605 32940
3 74496 56268
3 17347 25866
4
4
3 81217 81218
1 80427 99185
3 93567 79253
1 14868 14869
1 39983 55714
4
1 84390 84389
3 44522 51082
2 50926 15149
2 46560 82493
3 39417 39418
3 11990 88455
3 46262 80921
1 44435 4500
2 93807 28901
1 11145 11146
4
1 14167 57611
4
3 6785 20416
3 62823 58266
3 80601 63622
1 68664 30112
2 77259 77258
3 88277 88276
2 73250 73251
2 93665 41307
4
2 23815 23816
4
4
1 96943 96942
4
3 64113 72273
4
3 7049 7048
4
4
1 90508 90509
1 43885 56216
3 96048 87376
3 7198 7199
2 57912 57911
2 72863 72864
2 18834 73978
4
3 94307 94306
2 26953 89475
2 34105 50202
3 86784 35985
2 6999 20903
4
1 46628 41066
3 42589 42590
2 23567 81072
2 44976 6866
3 38464 38465
1 4797 4798
2 12534 12535
1 84844 84845
1 91825 38784
3 65114 77788
2 91297 91298
1 58738 72498
4
3 50280 15450
1 87497 36933
4
1 15268 74297
2 76838 76837
3 31100 57458
4
4
1 40817 40818
4
3 79139 79140
2 7578 22663
3 55608 55607
1 18546 18545
3 935 934
3 90322 90321
2 68295 58237
1 91374 40362
2 93089 84502
4
3 4295 4294
4
2 87512 88472
2 20884 20883
3 77774 97870
3 79840 71572
3 48311 97562
2 35237 35236
2 30019 30018
1 65859 50616
3 51461 51462
1 46956 51006
2 40330 30680
1 71529 71530
1 86058 14467
2 50996 87639
3 86263 20986
1 90830 32617
4
1 59611 59612
3 36978 36979
2 33698 33697
4
1 44066 35972
2 94918 94917
1 55813 44414
3 42952 42951
1 38930 77309
4
4
4
3 8005 8004
1 82914 72933
4
1 3703 3702
2 8554 8553
1 77212 77211
1 40440 40518
1 18382 62415
3 92905 85796
4
4
1 25544 25543
4
3 49026 50557
3 80945 80944
3 57322 57323
4
3 99091 80449
1 32969 86788
3 70545 5293
3 34581 34580
4
2 85206 78842
2 31618 31617
4
2 79549 95710
3 73404 64209
3 52234 5856
2 49331 49330
3 14530 17437
2 99427 99428
1 29797 29798
2 67118 67117
1 91801 91800
4
2 66279 66278
3 53342 53341
1 99235 99234
1 68072 23051
4
3 59095 2651
1 99034 99033
3 88932 51268
2 45117 88683
1 1174 1173
2 66315 18747
2 15378 15377
2 41835 8684
4
2 28302 44087
1 95422 86554
3 11778 11779
3 169 70314
2 80559 72445
1 54646 54647
1 76972 76971
2 21392 48168
3 24397 24396
2 58208 91542
4
2 39421 39420
1 20323 48685
2 8796 9850
2 91580 91581
3 51062 31981
1 28435 51481
4
1 90014 50288
2 11936 11937
3 75156 75157
4
4
2 10466 10467
4
3 71456 71457
4
3 24316 24315
4
2 59344 51204
3 40274 40273
2 29836 38147
4
2 50977 50978
4
2 24935 24934
1 74316 74317
