8 4 6
10 4 3
10 1 1
10 5 5
19 1 1
17 10 10
3 2 1
10 3 9
17 2 14
5 2 1
9 7 2
19 16 3
4 4 2
3 3 1
13 2 6
18 12 5
12 1 7
10 7 5
18 18 6
19 19 9
3 1 2
6 6 5
6 2 3
17 1 10
13 7 8
6 5 5
19 4 15
16 5 12
3 2 2
16 13 2
3 2 3
9 8 3
9 7 1
16 6 2
17 17 4
6 3 2
7 1 2
3 3 3
15 12 11
3 2 3
9 3 7
19 6 3
10 10 9
7 3 2
10 1 3
6 3 4
10 4 9
16 16 3
13 11 13
12 10 4
18 18 16
9 2 8
8 7 1
3 3 3
9 8 7
13 9 6
2 2 1
16 9 2
13 13 6
9 5 7
18 14 16
6 6 3
18 17 12
18 7 18
6 1 4
14 10 6
2 1 1
19 5 2
7 7 7
14 1 3
4 2 4
2 2 1
4 3 2
2 2 2
3 2 3
10 6 8
11 9 2
13 3 2
14 11 14
1 1 1
5 5 1
1 1 1
18 2 12
8 8 4
2 1 1
15 8 11
12 5 11
17 10 5
6 3 3
6 5 1
6 3 1
3 3 3
17 16 1
9 1 2
14 2 1
18 6 3
19 18 8
14 11 5
6 1 1
15 7 14
8 8 5
9 3 8
19 2 10
13 7 10
1 1 1
14 14 5
0 0 0
