1 0 8
5 5 3
2 3
2 4
2 5
3 5
4 5
6 9 6
1 3
1 4
1 5
1 6
2 3
2 4
2 5
3 4
4 5
9 21 5
1 2
1 3
1 5
1 9
2 3
2 4
2 6
2 7
2 8
2 9
3 5
3 7
4 5
4 7
4 8
5 7
6 7
6 9
7 8
7 9
8 9
1 0 8
4 4 1
1 2
1 3
2 4
3 4
7 8 3
1 3
2 3
2 4
3 6
4 5
4 6
5 6
5 7
5 5 1
1 2
1 3
1 4
1 5
2 5
9 16 10
1 2
1 8
1 9
2 5
2 6
2 7
2 8
3 5
3 7
4 6
5 6
5 7
5 8
5 9
6 7
7 8
6 8 1
1 2
1 3
1 5
1 6
2 3
2 5
3 6
5 6
5 7 3
1 2
1 4
2 3
2 4
3 4
3 5
4 5
2 1 8
1 2
8 17 8
1 3
1 5
1 6
1 8
2 3
2 5
2 7
2 8
3 4
3 5
3 6
3 8
4 5
4 6
4 7
5 6
5 8
3 2 6
1 2
2 3
4 2 10
2 3
3 4
10 24 7
1 6
1 8
1 10
2 3
2 4
2 5
2 7
2 10
3 6
3 7
3 8
4 5
4 6
4 7
4 10
5 6
5 7
5 8
5 10
7 8
7 9
7 10
8 10
9 10
10 17 1
1 4
1 5
1 7
1 8
2 4
2 6
3 5
3 8
3 9
3 10
4 7
4 8
4 9
5 7
6 8
7 8
8 10
10 21 7
1 5
1 7
1 9
1 10
2 8
2 9
2 10
3 4
3 6
3 10
4 7
4 10
5 6
5 7
5 8
6 7
6 8
7 8
7 10
8 9
9 10
3 1 9
1 3
2 0 7
4 0 9
4 5 4
1 2
1 4
2 3
2 4
3 4
1 0 9
9 17 5
2 4
2 8
3 4
3 5
3 6
3 7
3 8
4 6
4 8
4 9
5 6
5 7
5 8
5 9
6 7
6 8
7 8
9 18 3
1 2
1 4
1 5
1 6
1 9
2 3
2 7
2 8
3 4
3 5
3 9
4 5
4 8
5 7
6 7
6 8
7 9
8 9
10 22 9
1 2
1 3
1 4
1 5
1 6
1 7
2 3
2 7
2 8
2 10
3 6
3 7
3 9
4 7
4 8
4 9
4 10
5 8
6 8
7 8
8 9
9 10
9 14 2
1 2
1 3
1 9
2 6
2 7
2 8
3 8
3 9
4 6
5 6
5 8
5 9
7 9
8 9
10 19 1
1 3
1 4
1 6
1 8
1 9
2 4
2 6
2 8
3 4
3 6
4 6
4 7
4 8
5 8
5 9
6 9
6 10
7 9
8 9
8 17 10
1 3
1 4
1 5
1 6
1 7
2 5
2 6
2 7
2 8
3 4
3 6
3 8
4 5
4 6
4 7
6 7
6 8
6 6 3
1 2
1 5
1 6
2 5
3 6
4 6
1 0 9
2 1 2
1 2
6 6 6
1 4
1 6
2 6
3 6
4 5
5 6
2 1 3
1 2
3 1 7
2 3
1 0 9
8 12 3
1 2
1 3
1 6
1 8
2 3
2 4
2 5
3 7
4 5
4 8
5 8
6 8
8 9 9
1 2
1 4
1 5
2 5
2 6
2 8
3 8
4 6
4 7
6 11 10
1 2
1 3
1 4
2 3
2 4
2 6
3 4
3 6
4 5
4 6
5 6
6 9 5
1 2
1 6
2 4
2 5
2 6
3 4
3 6
4 5
4 6
5 6 5
1 2
1 4
2 3
2 4
2 5
3 4
2 1 3
1 2
7 9 6
1 2
1 7
2 4
3 4
3 5
3 6
3 7
4 5
6 7
2 0 4
4 1 1
3 4
8 14 10
1 2
1 3
1 5
1 7
1 8
2 3
2 8
3 8
4 5
4 6
4 7
4 8
5 7
5 8
9 21 9
1 2
1 4
1 5
1 9
2 3
2 4
2 6
2 7
2 8
2 9
3 4
3 5
3 6
3 8
4 5
4 9
5 8
5 9
6 7
6 9
8 9
1 0 8
8 13 2
1 2
1 3
1 7
1 8
2 5
2 6
3 4
3 6
4 5
4 7
5 7
5 8
7 8
4 4 8
1 2
2 3
2 4
3 4
9 20 5
1 2
1 3
1 8
2 3
2 4
2 5
2 6
2 7
2 9
3 5
4 5
4 6
4 7
5 7
5 8
5 9
6 7
6 9
7 8
8 9
10 17 8
1 2
1 3
1 8
2 10
3 7
3 8
3 9
4 5
4 8
4 9
5 7
5 8
5 10
7 9
8 9
8 10
9 10
4 2 3
1 3
1 4
7 8 1
1 2
2 4
2 6
3 5
3 6
5 6
5 7
6 7
4 3 3
1 3
2 4
3 4
8 12 6
1 3
1 5
1 6
1 8
3 4
3 7
3 8
4 5
4 6
4 8
6 8
7 8
2 0 7
9 20 5
1 3
1 4
1 5
1 7
1 8
1 9
2 5
2 6
2 8
2 9
3 4
3 8
4 6
4 8
5 7
6 7
6 8
6 9
7 8
8 9
6 8 1
1 4
1 5
2 5
2 6
3 5
3 6
4 5
4 6
2 1 3
1 2
6 6 5
1 3
1 4
2 4
3 4
3 5
4 6
8 9 1
1 3
1 5
2 3
2 5
2 7
2 8
3 7
4 7
7 8
5 3 6
1 3
1 4
2 4
8 11 4
1 3
1 4
1 6
2 5
2 8
3 5
3 7
3 8
4 6
5 8
6 8
1 0 10
4 4 8
1 2
1 4
2 3
3 4
2 0 4
6 8 10
1 2
1 5
1 6
2 5
3 5
3 6
4 5
4 6
1 0 7
1 0 4
5 6 8
1 4
1 5
2 3
3 4
3 5
4 5
4 1 1
1 4
9 19 9
1 2
1 3
1 6
1 7
1 8
2 7
2 8
2 9
3 5
3 6
3 9
4 5
4 7
4 8
4 9
5 6
5 8
5 9
6 9
8 13 6
1 7
1 8
2 4
2 6
2 7
2 8
3 6
3 7
4 8
5 8
6 7
6 8
7 8
2 1 5
1 2
2 1 3
1 2
2 0 3
10 25 7
1 2
1 4
1 5
1 6
1 7
1 8
1 10
2 3
2 5
2 6
2 7
2 8
3 5
3 9
4 5
5 7
5 8
5 9
6 10
7 8
7 9
7 10
8 9
8 10
9 10
4 4 1
1 2
1 3
2 3
2 4
6 7 7
1 2
1 4
1 5
2 4
2 6
3 6
4 5
9 17 8
1 3
1 4
1 5
1 9
2 8
2 9
3 4
3 7
4 5
4 6
4 9
5 6
5 8
6 8
6 9
7 8
8 9
6 8 9
1 3
1 4
1 6
2 3
2 4
3 5
4 6
5 6
10 19 6
1 2
1 3
1 4
1 7
2 6
2 7
2 9
3 4
3 8
4 7
4 8
4 10
5 7
5 9
5 10
7 8
7 10
8 9
8 10
1 0 4
5 6 3
1 2
1 3
1 4
2 3
2 4
4 5
4 5 10
1 2
1 3
1 4
2 3
2 4
4 3 1
1 4
2 3
2 4
4 3 3
1 2
1 3
1 4
4 3 9
1 4
2 4
3 4
7 13 10
1 2
1 3
1 4
1 6
1 7
2 3
2 5
2 7
3 4
3 6
4 5
4 7
5 6
7 12 3
1 3
1 4
1 7
2 4
3 5
3 6
3 7
4 5
4 6
4 7
5 6
6 7
5 8 8
1 2
1 3
1 4
2 3
2 4
3 4
3 5
4 5
1 0 5
9 17 7
1 3
1 6
1 9
2 3
2 4
2 9
3 4
3 8
3 9
4 5
4 6
4 7
4 8
6 8
6 9
7 9
8 9
8 15 9
1 3
1 4
1 6
1 7
2 6
2 8
3 7
3 8
4 5
4 6
4 7
4 8
5 7
6 7
6 8
4 2 1
1 2
3 4
5 4 5
1 2
2 3
3 4
4 5
4 5 5
1 2
1 3
1 4
2 3
3 4
2 1 6
1 2
5 5 2
1 2
1 3
1 5
2 4
2 5
0 0 0