1211221212222112121121122221212111212222122112211221111221
111221212121211221211121212111211221221111221121122212212212222111212122212221212
2121112122211112112221221112212122
112212112222122122111222122221222221211212221212121221211221121
21121111211111222221221221
22212212212222212122121221221212111211212122111211211121112222122122222122122121
2111121122222211222122211222112112121222111221
2222221
11211111112211111122212221222222222212
112121212221111222222212121212122112121112211221121112121211122211112
211122112122211222212121122121222112211112111211222121212211211122
1122222121112211111211122112221122212212221212111211111122111221121221211122111
122112111221212112112122212221111211211222221211212122211122222112212222211111121111
22211221221222111211212212121221111121221112221122111211222222121222122122111222
222222122221212111122112211122112112211122222121
22221112112211112211122121212221
211221211
122111221121222221121122111221121221221111221122121212222222211221222
12
22112112221112122222211111212111111111212111212121211222121222121112122222121211
22122221121211221222111211122121211212212
2112222212121121111211121222112211212221112211121222111112
12122211112111212212122111211122121212112212122122121221111221121121212121221121
122121211221122211121212111111122221122121221111121221212121222112221221221221122222111121211111122
2222112122
1111222221122211221212122111111212212122112212222212112121222121212111212
122112
121222221111211122121122
12122221122112111111221121112111122211122222211121112222221212212221211122111212
11122221112122222221112211111211211211212
22221111221211211112112222112121111221121112
111222112121222122111112221121111122121221121121122112121112121121112221111112111122221121111
221111111221121211121212121121221121212222121212212221222
2212221122212211111221221121221121212221212122122222111112111122121111121112222112
22221111212211
11122121221222112112
221112111211111222111222222112122121121222222212112221211221112212112122222111121111121211222
122211122112122121211221111121221211212122212111112121221222111222
2211122111112111121222221211222212211121222122112222221
2211222122212212122112212212211122121111211122212222211122
1212212211122112112121111112111222221212211
22121112121
212112211221111121122212222121112222222121221212212
22221221121222211121111122212122211112211222211211122221
212211122222222212121121222112211222211211212212211111111121212221222
1122122111212
12222212112
221121122222211121111211111121221112222211112111221112
11221212222111121221122111221212111212221121112212112112221111212111222
222212121122122121222121122122111222122111222112222222212222222122222222122221211111121121112111
21111111121212211222222212111211112212122122111122111122112211222112122122221222212111
112221222111
12221222221122222121212211121221222122212211121212111222212112111211212212122221221121122
1121222112122122221122112112111211121211112221121121121212212
1121122
1122211111212111212212121111111221111211211122
11221111112111222222
22222122222121212112212222221111122212221122221121
211211112211222222221222221112112211122111111222211222
2211121112111122112121122211221221222221212121212221121122122111122121222121112112
12221212211211211212211112222211122222112211112122212112211112211222121
11221112212212111222121112221121212121122212111222221112112111211121121111121222212
21221
1112212212212211
222212111211211121112112121112121122121122121221211122
122221222222122212222121212222122111212121212121112112121
221222221212112221121222122122121222212222111211212212222
121212111112121221211221222111212112212222112221122222111112221222112211111222111222122222
2211212221112221111122112111212212112221122112122112112122
211122221122122122111212112112221212212122112111221111
1112122222222112212212221122222112222221112211211221121221
1111112112111212221111111221112222212211221221122111211211112211112111
2211212211121221221221121211211122221112111221211221122
2121121222111222112211212112212212122212222121112212222212211
112212212122121121211121211122121111212122112211122222122212121121222121212221122212111111222121122
21212211121221
211212212212211121122222112122212121221221112211122112211
222112122111111122122222211211221112122212121121121111221112122222211212112212
2111121121221212121121221122211211212121221121122212122112121221111
111222121111222222212212112122122222221222212122222111221122121221111122111121121
121212122212111221221222212122212121111211112111112222211111112211211222222212112
122122112
11111222122222112221121222
112212222211121211112211121221212212111112221221211111212111121222111222112121212
2112111121111111222222221211112222122111221221122
11122122221221211112122212212122112121
11111112222211121212122221112
211112122221211212122112222111122211122211121212122222211212212122222211211121122221
22222222122221221222221112221
22211212112212112221212111121111121
221112222221122221111222121222
2211222221212111112112112122112122211122222111222121112121212221212121212222222211221211112
22112122121221122222222212112222211211221111211212211122121221222221211121222111212211212212122
1211222122122212
1
1111112112221111212212212212211121222211111212211121222121122122112112122122221212212112
21122221112121221121121121222222111111111221122211221112212111221212212122222111221
22111122
1222121111221
21121222122222112121212212121211212221212222122122
22112212121111222111212211122112212111211121211222122
11121112122
212
22122222111211222222211212122112222121222112212222111221122212212121222211111
2211211221112111221122221211122211112221212222222111222122111211111221112111112
211112111
1122122221112212112122111111221212121112111122121121212122221
12112121121111112212122122111122
221112221221121222122122112111112222211121112211112122121112221111111111112112
112111111122222222221211211222
111121222221121221112111211211111122212111121211122121222221212111
221122111212111212122221
1221121111111122122
121121212122122212211222211112112121122112211111222211212122112112222211212112121211122
2211121112112212112212
121221222211221211212212111212212122211122212212221221122211211211122112222111111
2222121212112221111211221121121222122111112222221112112222222122112122211211222212112212122
221122112122222211121212112122111222221121221
222122211121221212212122112222
21212111122112122122122111
122121212211112222112122212211222122112211121211122111222222122112121221112122222221212112111221
22122212221212211222121211221221211211221112111112112
12221112212121222122211112122111212221212122222122111112121111222222111221122122221121
111122121122112222112112112212111122212112
222121211121221211122112212222212122222211222222222211111111112212122
21212122211112222222212121112122111122
11221121112222222121112121122222111211122221112222222
2122211211212212121211111122121211221212112111122212
2111111121112221122212111211222221212121212221112121222111111
222221221212212121211121111222211222122122221221111212111112221212212212212222
121122211212
2211211212121111111222
12122222121121111222112122122211122222112211222112111111112
22121
1222112112121122111212
1111222221211212221121222211122112221112222221212221221221222122112122221222121221212
2111121122212122111121121122121211122111121112221111212211122221222122212211
2221211121212212221211222211212112122211211111222221222212
11211222122111122121212111222121111222121122111
1
2221122211211112211121122121122122222222222111112
112211111221211122112221112222121212211211222111111
2111111221222122222211122212
21112122211221222211222222121212211111122122211122221111122122122121121122212211121122
111111121111212111222221111122112122111111122221121212
2111211212211111222212112222111221111112221111122121111112111221221111212222212222121122122112211
111111112111121111221121212122111122212121111112221111212122121211211222212
11121212111112121122112221
121212122121222112121211211112121112121111112121111122112211221111
22112111112112112212211222121122222221221112122111122
111212112211221212212122221212112
122112211111222212212222112121
111112112222122111212122222222
12211111212222
221211111111111212222212211211111221
222111211121211212221
12121212222212212211221211222122212211121122212121221112222212121212212111212211111112222
111121221212222111211221
2211211221222121211112111122112111122111211211111221111221222112122222122121221121
12112211222112211222221121221122122211221211212212211
212222222211212121211121221121121221211121212211122211121211221212211112122121222221122111222122111
11122111212122122222212212112211112211112112121211111111111221211211212112211211
11211111112111222222122222211112221111222121112121221221211212111211211222212111222221222211212222
2212122121211112121112121212122122212122111212111221
221221121221212121211111221112112112222211212
22122221111222211112212122112122111221221211211112212121222121122111121212211122222112212
1222222111121221222211222122112211111211112221111222221122
2111222111112112222222212212222212222121122212122212122122121221222122222222221222211212111
1122112212111211212221211222212122222122221222211122211212
2212121222122222112111221221122212122211212212122221211121211221211211
21122112111
2211211111112221222211112211212121221122212111211112111222121221
2222111112221221211111121221211121211111121122111212122
21211212122121212
1112122112221122111221211211211211122112211222122212211212111222221212222211122
211212211221112111211221222122111
12122211122121212212212122211
11122211112222121212112122112111212
2111111222211211121211122112112112112112121122212111222212112211121122222112122
12212221221211222221221211212212212211222112212
112111122221222222211212222112111222111222222212111222
1121112121112111221211222212211222212211221
112111211212222121112222122122111121
2112212121211112211212222122122221122221221122212212211112221221222211112222
121122112122222122121221112211212122211
11121121121222121122222112121211
11112222122111222122122221211211112112112121212221221112211121111121122122122112221222
22221122212122111221221222121222211222121112221112212112111221111111212121221212212221111121211
222112221122211221121222111111222211222111112121211221111211222211111112212211212211121221221121211
111112211122111221212221222221122211222212122112112111122112221211111211211221112111112211221
21121221211212222121212111121111112211221211122212121212221222211212122211211
1222222112121122122112211122221212211221112222111121112211212
1211212
2222221
122211111112211211211122121112222222
22211221111211112121
2212112112111111122112112221212112221
122112122111
12121112221222211221111121112212212222211122222122112
2222211111211222212221212122211222222211212222222122222121222111221211122111221121212121212212211
1222121211122212111111222212212122122112212211122221211122121111212112112121211
2222221111211222122211122211112122121212122212121111222111111111112112221222112112221222
12112222221221121221111212212122112121212
112211111122121112221111122221212111211212112222111122212222111222111211221
22212221211212111222211211212211221212112112111212112
1212111221211211212211211222222111212122211112221121112111111222
12111112221112111121221121222111122111221212112211222211121221111221122221211221222212212212222
2
212121121222112
112221111211122222222
11221212212121212121111112112121112221121221112122212111112111221212
11212111221122111212212221111
11122222121121112121212111112
1121221112212222221121211122222112221211212212211212222222121221212222222121211121212211121111212221
21122111221212212122212211212112112122221121211212112111122211122
1121222112111221112221122111121221121221121121211121
11221111111211122211212112111112222111221221121111222222212121221211121211122122
21122121212221211211121111222222222
212112221122112122221112121122211222221
11221221211112121111212
12122212121122112122211121221121112111122212
11121221221111212122112211
211221112211121121221121211112112111111222121212111221222
222121112211122221212111211221221211222112122221211211222222121122222122211122212112122
2212212122221222212211121121121122111221221222111122121211221122121111122211111122112222221111221
121112121221111221112121122212211122221221212221212112121122221211
121111111221121121121221211212221111211222111221211111112212221112122221122222222221211112221222
11122221222121222211111121121121121122112221122222121212111111122221222222121122221221111
12222221211112211222121111122221222212121111111111112121121212211112211212121112222222212
221112212
1222121211212111
111221222112211111122122212121122121212111222211112122112
11121121122211112121212112222222112222222112112
222122222121112112122122122122222222
2111111122211212122211212212111211121111122
2212221112211111122211
22111222122111211112121121122221221111222221122111121222111221112111212
12
1222222222112122112222121222122
2121112111121122212122221122221112111122222221121222112211
22122222112221122112121112211222121212211112111111111222222211222121121211222211122112221222121111
111111112111111121212112222111112121221221212
2211212222122
1211121221121222121111211122121122112212222
2122112122212122112111122221211111111222121121121
21111211112121112212111111111221121
12222221111111122212112221111122
2111121121222211121121121111121221
211221112122121221122
11121212222211211212221122112222212211221211222112212211221112121122122121112122122
1
2212212112122122111212211122121111121121211121111212212121122212121112122112111121
22221111111121111221221211122221221222121211122212221122222211122
112121221121222211111111121211111121222
222222122221222111112221212222121222222221221122211222
112221222212212222221
11122122121222112121212212212111111111122221211121111211122111221221212212111
21211212121212121221121211121122122122112111212112221222221122112111221111
22122222121212122121112111211121222122111112112221211
2211
2122221121121112121111121221
2111222111121122111221111221221221221
2122222112212111221122212221212121121112222221211111122111111
11212212222111112121111112221111121121212222111121212212221111211112221122211221122
12111221211121121221212111211122212221222211212112212112121212111221212111121111221211
1
112111121122211111222122111121121211211122212211222221111121111121211112121212221222212122
111222211112212111111211212
222221121221212111112211111111121122222112122
1121211221222112122121
11222111112222221221221212112211121111222112222221121122122112222222
11222212221121212222111111
21121112121222211222221221112111221212121111221221222
1121112211221222111222212221111121221221111111211222121211222212221112122211
221112121221122211211222211121222211122222111222221211111112211111221211112112111222222222
111122121211211121211111122121121212211211112112221221121112222222112111221
21212122211211111222111212111222112222212222
21121121122222211121122221221221111222221112122221112212222221111211222111122
1112121121211122111111121122221111111222112222121122221221222122212222112212122112
222122111121212222111121111122221221121122112221212212221121221212112111222212212112122111211221222
2211222211111211111212112222211122111212111112
2212112121112111121222211221222221212122111121222222122222222212222122212111
211121221222211111211111112221222121211121122112212221212122
22221212221112211212122112111122221222121221121212122221111122212222112212111212111122221212212
211211222211221122212122122121112112112111221211211
22112221211221222121211211212221122111122111111111121111221112212221122111112212
111
2222122111221121211221211111222212121112112221121221211211121212212222122122111221122112222122121
22221121122121221221112112112212
2112212121221222221121121122211122121222222121211222221112122111222212121211122222222222212112111
212122122222121211122211122211112112112211221121221221222212222222121112122112211211121211211212
1111111111212222212211121112121122
111211222211122121211111121222121212122222221111112212122
2121211211122122112222221221122
12122111222212222121112122
122222122221111121212221122122
21222212121212121112112211221221121221211111211121222212
1211221122212211212111112222111121
111212111222122122211212121112222221222222211
212222122222212221112211112121111112221112112221122221112111112221221221222211122112211222122121221
222221222212121121122111121112122211111222122222122111112122112112112221121
21212212111121211222212122221122
111222211222
111112222221212
2112122211111121122122221111122122212222222112222122111212212112
111211212122212211212222122111222222122111221211211111111121222222111211
221222221112112211212222222112121111212211222111121121221112221211112112212122111122211222111
12121221211121221111121122222111112
12111111211222212221122221211221212221121111221111111
112222112111221122
2122212121111121112222112111122212212122222222211221221111212211222221212121111222112121221211211
12111122221211121222122221211112112212122212111121121111112112122211221112121221112222
222111212122212221222222222112122221221221111221121111211121121112222
222112211111212111222211
11212122211112111112221221221211111111211121221221212212
11221221211121211221121221121122122211212121111122
1121122221221221122222222212122222111211222212222122221112111121211211
211221112112212211122221121221212211222211122221111121112221211222122111122
21
221122221221111112121121111121212211121112222112111211212112111221222121112121121111112222
122221111212121121111211121121121212222122212222211112212222211221
111122121
22221111212212211212212111121
211122212121122121111212112222111122111221122112121222121211212212212221222
22112122211112122222112112211112112221221212212121111122221122222221
11222121111111121211111121222122
21122211122111222211121212222122222122222212111222211222111211112
111221112122121121122211111222212121122221211121222221212121
21221221211112222221122122112222212112111
111211122211222121122221122222211211122111112121112112111211112221212121111212212222122121122
2212212122121121112121112111112222211212122111221222221
211211221121122222212121111222112111111222122211122211222
2122222211111
1111
21222121122122111121111121212222121111121211212111222
2212112221222121221221212222122
222211211122211221222122222112212112122122211112122211211222122221222221222112
212111112211122221112222211
1221211221212121222112122221112122221112222212222111222221111211222221111
222222122212222222222212212211222211
1121212222121121221111211121121221122212111112222221212122122121222121222222212221112112111122112121
22222222222222112122112222122112212112222221222112211221222222112111111111112211122121222211211
1221112111112121111221121222212111221211221212122211221111122222222221122211121212221221121122
211111111122212211121112112211221221211212221222211222112121122212211122121121122
221222211121121111212122221121111212112212221222221222222111122212122111121112121111
2221112222121122212221112211122
11122221211121111121222221112222121
1
22
2222221211222211221211222122211122212212221122
212211112221
2121211212212121112222121121211211212111112111222121111121122212212111122212212121222222121111
12221111211212121122122211222212112122122121112122221221112221221122112112222212111112211
11121121212222121222122111112121212121121111212212211212222221122221121
1
11212211121211121112212112212112212211222122221121112122211221222112111121121212211211222212211222
21112211121212221111111212112222111122222111121122221121222122222222221
1111122222222212212222
111121121121122112222122122212
211112111
1112111122121222111122222122112
222122121122111112121112
12212222121212121221221221222211112122122122221222221221221211111122122122221211111112221211
121111121122111121112111112211121111121222222122122211212122
22211
221122212122222121111121121211221221121221221122
211221222211211112221122212112111121111112
2222221221212212212211122212221111122112222221121122121111222
111122111122122
221122211221122212112211211122221112211122211122222112111221212121222212112112111112211122222212222
21112122222121112221112112
1212112211211
211212211112122112212212212111212121111112121
11222111222112122221212112221221221211212121211121221122112221211112121212121
2112
112111211221222121211121211111211111111222122212212121112121112221221221221111222211121121122112111
111211122221211112
121112121222212221111122222111212221211222222221222111111222112222121222121122112122222212
21211221221221221
121112121122221222211221211112212221122212212111221211122112111122
211222122111222122111122122211121211111212221111121112222122122
1112111111212111111111211121112222121122221222222111112211211111221111212112121122212
2221221222222112211222211211112122111211121122122112112221222121122112112212111121211222
22122112221121121
2211122211
11222222122121211222212122211111222112111212212222111122122221112
1111122122222122221121121222112211212112222122112212111112112121121111212121111222
12221212112112122111221212211111111122122112
122212121111221212112112222121212112122211112212211222212122122122
2212212222211211121212121122
1221111121121212221122111112112121212211212221222222111222
22122211222221112112112211211112
112
2121221211212211122121112221211212111222122212
211112112211122
11222212112211122121111121211211111111
121211211121112
1112121111121211211121121
2222212211222211222112221221111112211211122211211121212212211211221212211
2122221211222212212121111111221221222211221221122222121212122121212211112221221221122112121122112
22121112122222112211
221211121221212212121211112122222121221122222121211
121212112121211221112122111221121122112112121112111122211222122212112122112212112221112121212212222
112212212111211211112111211222222111222122122221112222211211122121112112112
2221221112121221211212111111111111221111
111222121121211121122
211222121111112211222222212221
111212122111221121221222222221211222221211221212212
211111121111221112121221112111122122211111122221112122111222121212112212112212111222112121221
11221122222222112111
222122222221122121112212211221122222212111221222221222
1111112121121121212111212
22111222221121112221211212112122222211221212221211221122212221121122
211222221212221112222222221221112211122111221211122121121211122221
1122111111112211222221112122221112121121222122212121111121112121221111221211111222
222211222111112112111112211122
121222211112221212121212212221111112212212222111121111212111111212222122
2122212122211222211211221121212111222222221222222122121222212211111222122122212221221221111221
2122221111212211212111211122121211212121212121212211211
11221221211121122121122212111221222122122221
1211212212211121221221212122111121211111111211221112122222222111212111121121122211222122222112112121
1112121121122222122112122211111121111222121211222221121212
21111212111122111121211211211122212112211111
122211211122112112122212212211212112222222222121221211121111212112211221221122212221122111112221221
12121111222221121112121112222222122121211111112222111
121112122221121121211
212112112212122212221222121212212112111212112221211121212122211221222222211221
2111212211221122212111121221221212122222122112122222112221
211121122
21212111111222221
2112212212112
1211212212221221111111121222221111112
1221111222211212212222122111112112221221111221211111212211112211111211122122222211222112212
21222222
1111212121122221212222121121221112121
222
2121211111121111122221222211212121212122122111112221112221222221111222121212
1211122122122122212111211222211112112
122112211212122221122122221112222111121221211212121121222121112222112
1221212121111212211122122121112
12122111222221222212222212111212221112221212112121112222112212211221221122122222122112121
2111122121111212112122212221212122122112112122111112212112212112
21211122121112221222222122122212111112221212121221111121212211122111112121122112111111222
111121121211212221212221112112222111111112111211
1112122111111222111211222121122221112121211111111112222211112112212211111222121221222111222112
1222222221122122111212111121112222212
2121211122222121221122112121111211211222222121122121122121121211111222211111
22212211122121122112121111122221121
1111111211221122
1122211122111222221122122121222212112222121111121221122212122212121112
211221211212222112111
22222121211222122221111221112211121122121112122222211211221121211212211221211222222211211
211221
1122212212211112112222221121211221211122212
112211112111112221211211222
122221122121112222112221222112111
112221211112122121111111121211111212211111212111121122112221121
222212121122211111121211121111
22212222122122
2212122211112211222121222222122122212222
21
122211121211112221122122112111221121112211121121111121212211211111111222112121212121121
221212221
1122
222221222111111121211111111122121122221111212112112222111212222221221121222222121112222111111
212222121112211121111121112221221122
2221211111
1121211211222111112211212212221112122212222222112111111111112212211
11111222121222211221112212222122221
11122112112222121112212211211111212221212111
111221211211221122211222211112221221121112122112222221111212121222221121
12121121112222211111212111212121212221211211211122221222111122111121122222121111222212
12211222212111211112211221221221121212122111222112221222111211
12221112222211121112111122121122122222112222211111112121112221212211221211212
2112121222121221122222112112122121221121112121211212
111211222211211211121
22221222121122122221111222111121222111122112121211111111221221222212222111
1121221211111221122222211222211122111121222211212122212222222
2221122222212
21212221212122112212222111211211121121122211121212212112111211111122122221221122121222
1212211211211111111121221211111211212222222121111122112221222221221111221222222211211
1121121
112112221222211111111211111221121222121211122121111122222121111121122212211221
11122211111222111112121222122122211121121122121222212122222111211211222112221221
2112222222221221121112222122222
222121121121112
1121112122122122111221112211221112112111122111212111212222222222221111211112122122221211
2111222112221221222222212122112122112112
1112122112211221211122212112121122112221212111222221122122111
12121221221112222111211112222221121221211211112212
1121221221211211221221121212122112211111111111212212111122121112111121222211121111212112211
22112121212121122212122121
212222212
11212211212221121112221112122221221222212221122
2211212221111122212212112222111111111221122
11212211222211221222221112212122111221121122222221212111222211
21121112211211111111
2222211211222211211112221211122221222111112111112122211221212211221112112112111
21
1212221211122121122111112112111211211111211122211112
11112112211111122111212
221212111222212212122222222212222122112112121211211122121212111112111222111212221122211122
11211112212122111111212211212221122211121212212221111221221111111221212212121
1111122212222122212122221221222122111112122112212212112212211221121211122111221111221111
221122212212121122121121222211211222112111222221122111221122222221222122112211222212122
211221211212111221211222111221212212121111221122212212122111222222221111212111221212111111
11121212221222111221112122111211212211212212121222212112112211121111112211112211121121
222111211212122221212121211211212222121211121212121221122212211211122121122
2121221122221121212221222211121121222112112122111221111121211122
22121121221212212122122121111222111221121122211112212212111122
22112211122
21111211222112221222122111112221211111221122211121212222111222
111122211212122222121112222111212211121121111112122111111122222212212222222
111211212121121212122112211222122122121212221222121111211221222211211
22112211221211111112122112121
11111211211211221112211212222121221122112112111222122222121211111221211111
12212121221111111122111111211221122222222222121211112122111111221121122111111212221121222121222222
111221211121112
11121111211221211211112221111222122212221221222212112212221122221
1111112122221121122111211112221222211221121211
1211112112211112222211112222121221111122221212211212112212
211122122122112222112221122222121111221111221121122112111111222121222122122212111112211122
1212112112121221222212112122111212112212
222112112122112
1212112221121211222221111121121211212211222112211121221112112121211212112121212121
22212111212211112111211112122112211221212222111122211211221211121112111112221121222221222222
1221212111222
2221122112211212212
2121121222121212112211
21222222121212221212121211212222112212111121221112112222
122112122122222
211221122222111112111112222111122221112112121122122212212212122122121211222221121221
212112222112122111212111212222211112211212
21211111222222112221212122221112222112212122221121122111211122121221122121
1211122122112212122111111212112112221121121222221222112
222222211121121111222112221212122211122212221122122212121211211221112211222221121
122211221222211122222212122112121111211111112112
12212112221211222211111122
1222121222122112
2
22121211111221211212221211122111112122222122121221111112122121221222111212
22222211212222112222122121111212212211211212
211121112121222212212222211121122
211222122222121111222111121111221111121221111211211121121111222222122122222
122221112221111111121122221222221122221221222111211222222222111122121221122222122
1222221121111222122212211212221211222111211111221222221121122222221122111121111
22222122111222
22122112212121111211121211222211222211211121122212212222222112111
212211112122111212222122221112212122212121122122112111112222211122122211211221
21112212212211121211112112221222221122211211121122222121211221221121112112121121212222222211211
2212222212122122221
11222112
21112112212121122122212111112212121121222221222222121112222121112112211222221112211212112211221
1121221111212112211112212112212122121122211221122112111111121111211212221221122122112122111211212
2112212212221122221221221111222
112212212212121111112111221122221212111121222211112111221121121
2221211222222112222211111122211112211211211111211121212211211212212
21112111221222122212112211212222111221221221211212121111211112122
11221212212112112221222212211112112121211222222222121111121222122111212121111211212122112121121122
11212122222121212112211222222222212121222212121121211222211212222211121211112122122
222111222
2112112111212222111212221211122121212212212211122212222111112121222121112122222
122112111122211222222121112222211121211212211222211211212
2122211121111121111122111222222121122212211221121211222222211121122122211221
12222112121111221122122222221211212111221212221122112211222112222122112
22111212222111111212212122212211111121212212212112
21212121111222121212211122121211121211122221
221221121112111212121221122212211121222121121221122112121111222112212112122221222
2111122
221111222122121122222111122221211112122122121111222211111221211111112121
221221122112221111111222121121121112222222221122211212
2
221212211212211112111122221111111111221212212211122121121112211211222211122111111121211121122112212
11211221212221221212112121111212222212112211211111222112122221112212121222122
12212121221211211121211222112122
111112
12112211122112122112212122221
21212112221212112121211212121211212111222212211112112211211212222221121222122112111112
12122122121112
11211212221122211122212221212211121222212122111222122222122222212121
22121211222221222121212222111211121211121121122112222121111211222211122121111221211212
1111112212212221212111111221221122121221112111221122211112212121212222121221222122112111221212
22221121212122212121211111221122111112112121112122211221121212211112221111111122211112111
21221221211122212211222221121211211111
111222111112111222122121112111112111212112212221111112212221211222121222212112212111112211212222
2212111212121222212222211222111221122222111122121211122222111211112221222121222
1112121112112111222211111121122222112221122121211111221222221212122121212222222111
2212212121211112111122111222221221211212121221222212221122211221112112
111112122211211112222211221121112121111222122111111222212222122121111121121
1222122211
111111221212212222122111222121211122
122211121111122222112212222121211212212
21212212111112222212221121111111122122122222122121111121122221121211222212212122221222222
121212221111222212211121111121221211211211212222222212212
2222112111222211111112222122212121
222121111121122111211112211221111121121
221121122222211222221121212212221211211222212122211212111112121211112
1111222121221221121112112222111122212211212
1221221111112221221112121212111
2221122211222112222221112121122212222
1222212221122211122122111121211221122211122111221212211211122
122122211212121122211121212211112112122212222222111212122112111112
212222122221212222212111212211121212122112111221122112122211121221112212121122112221111122122
211111221212121111121112221221111
2212112
1222211222112111212211111222211111212212122112122121222211222222121121212112212112222122112221212
2211212221111121122211122222222212122221212221221112212121211112222211121222112221121212122222211112
221122121112121112212121221221212222122211211112212112222222222111221212221211222222
22221212212121112212212121112222221111221121211222222111221221221
2111221
1211112111121212111222212222121212211121112112122212121212221111221122211211112122211211
12222211121112222121212122212212222221221212112221121222221112121111211122211211212221121121112
1221221211112121111222221122121111222112211211212222112222111
12112121211122112221211211111212121212122222111112112122122211222
2121211222121211212111212222212122212211111112222121122112222121111222121122121
112111211121211211211221121222221
1211112121111212122211221
222222111122122221212222111122121212111111111222221121122121221212122121221222211222
22111121211121112221122122212212222212122111111212212222
1121112221121121121122121112222122211112122221121222121112
11222222212212112221212122122212211212212212211211211211221212211222111112122
122122122211112111222212122122121122221112111212122211121112111221122221221221212221222222122112
11222112111122111111211112222212212212221
12222221221121112122221212222121121122122122112122222122
11212112221121221122112221212122121122111111211212211211221112
22111112212221121221221111111111
1111122222221112121
2221122222112122222221121121212122221122121121121122111221221212121112
212221222222111221121221211212111122211212112112122112112122222222111112222
222112121111221212222112121112222222121212222112
1211
1222122111212111221121111221211212112121121222212222112212111
22122122112222222211111212121222211221122112111111121212
12121212111211212212122121112222121212212111211211222212
22121112111111112121111211211112222111111112112221112221222122121112211221
111212122212222221111122
212212222121211221211122211212212111211
1212121112122221211111122112222221222211212211212111111212211111111112121211122122211
122112221222211211122121221121221112212
11222121222211211122111212112212111222222112211111111112211211112122222221221221111121222221112
122221212112212122111211112212122212211221212212222121112121221121112221111221212121111211212
112
2121212221111221222122121111121122211111211222221211111112112211212221221221122211111121
2221212112122222212111211121121112121111112221221222212112111211212221111111212122221
1111222222122112221211122111222
21111222222122221111111112221112112212122122221122112111122112222222222222212
112111221112222111212121
122211211122222111111
2121211222212211222211211111111211
1222221112122212112222222121221222222111222121222222221112122121222112122
12221121212111211112112112211211121212222221122211211212222121211211221121121211221221112
121222111222211221112222112122122121112111212121112111
1221122111222211111211
12111221211221211121221122121221111
11212211222212212112212211212211211222222121212111122122211212222212
1122122221222112222111221221122121111122121
2212222122221121112221121111
121122112121211221112121212222211
222111221122222221221212222112112111221122221122212211121222121211111
2112222111112112112222211121121212222212221112111112111221221121111121112112221111111122212
112
22122111222211211111
1112212222222
2211112111122211211122222211122221122211211211212121121212112111211211121221112221111112212212122
11112122212122122222222122122212111
2122111212221222221212222221221121221121122221211
222222122122222112112111221121122122121212211121211122211
111122221222211222212112121211211212112222111111211212211212121212121222112122222112
1112111122112111111212211221222112221222122221222121222212112222211211211221122122
2211121112212212111211221112121211222112211211112122121122222122121211221212222
2221211112222212212221122122212111122211121112212122212221222211121122122121111212
2112211212212222122121211122111221121112222121112122112122
112211222121221122122111212222111111211122112211121122112111112122111121121212221121111222
2221121221122111122222122221112221112211222211221212112121121
12122121211111121222211122112121121221112211122111222221211121212112112212121
1211112221212121121111222211222211211212211212211122222222122211222211221
11212111221222112122112121
22121122222122211112222111111112221221222212222211
1211122111112111121221211122112122222221222122111111221121112222111121
221112221122111211112112221211211221212212221222212212111122111221111221111111212221211212221
11212121111221221112211211212222221111111221112121221212122111111112222121222211
221212222212121221221212111221122222112111212122221212222112111121111221211112221211121121112
11111122222112211
2212112121122211212221122211221222212212112121211111221
21111
2121111122122111121222211111222122222111212122112112122211222221221122222121122111122121122122
22222112211211121211122221112222211221212111211211121122212122112121221121221212222211121121111
2121212121211122122111212122121122122122212221112221111221211222111121
11111112122112211221
2212121212221212211111221122112122212212221111122211111212222211111111112111211
22221112121222122212122111221121211222221111221121
121212211221211111222221121222221222112221211112212122
121112112221221221121122112212212122211121211122211111222122121121211122121
11222111221111212221212212221121111222221
212111111122222112121211112122222211212121122111
22111221122122112221222211122122211112221122122112211121212112121221111222
212221121111222121212112211122212112221211222122122111112111222112222221111221122111112
1111112111222112112211221221111122211122112121212211
112222222112121212112111211122211111211222221111212112
111112222122111211211212121211222211122122222121121122122122211121222112221212211111222212122111111
2121212111122112112122122222221122211112
121111222221211222111122122122222112111122212121222212222121121122112111122212212221221121112111
2112222221221212211222111212222221212222222122212211212211211211211111211221221
112122211121122211212111111211221
222222121212212211122222
222212112221212122211111111221
1221111221
121121122212121211212122111222121112221
12122111212111112122222222122111221121111122122
112122221111221112111122221111221111222221211
11222222211222
12222122211211222221222212122112
12122212111222222211221111212212221122112221111121222
21212211211111112122211211112222111211222222121122221121211121
121221221112222212212122122112122121222222222112111111112112122212111212211221111211
2122111222121211222121211112221212122
211121122212122222222211122121122122121212222112111112122222111222121111222122112212222111221
2122221111211111112222222111211222221122212211121211111121221122211221121211122122122111212221221212
12112221122122222211121112
222212212121211121211211121211122221122111112111211112
2221121212112221112211
21122111112
12112122221222221112212121122222112122122222212122212211122212112122112212212212112221111112121212
12112212221
2121221222222122111222112212111
2
12111121211121221122211112112112122212222212111111211
12221111221122221211121221112211222222221111121121212121211121211221112211121122122112112
1112112222121112112212111212212112112121122122122211222121221112111212
111222211
1211211112112211111221121211122221212111212212211221221
1112122221222221111111221122221122211221122122211122211212
211222212121211222112221111221121212211111212111122212111212
21212222121221122
221121222111111111111221111212221122222122
11111121111221111211121211111212212211212211112212211121222212221211211211222211112111211112
2111122221122
212211121221212112222122122111112121222211111111212221221212112
1122212122122211122222122121122111111221222121221112112112222221121222122121
121221212211212221211222
1112122111122112112211112221221212112
2112221121212211211222
1212122212221212212211121
2212111221211122122222212211111211222122111212222211122222121112221
22121211121112222212111211112121221121221112222112112111
2112122112111212212111121222212221111
222221111211122222
1121121211212221112212211122
112212121122212122112211122122211222212112212121121212111212211111121
11212212111221212221
12122111122221121121111
1122122211122122112111212222112112111221121212122111212222212112221
22111211221211112122112
121211111112222
121122111222111211112221221111
221222122211122222212222122221121121211112212212122212111222211122212112112121211111211122121
221211111112211111222222122211111112212
111211211212212212211112221122221211111112112121212211111121122121212112121
11211111221211212221212122121212111222222221111212111122112122212121121112
22111221221111222221111111222212222111121121221112
22222121222222121
2122122121221222111212221211221221
111212211
112212211
2221122211112112122122112211211112212111121212212121121222222
11222222221112111212121112211112221112211121122122121211112112111112211112221111121222221
21211111111112211112212221222111122121212111212112211
1
21211222211222111111112
22111212111121212212111111212221122221
2212222211222211212222212111111111111122121
1212222
11
1112212
1122211222221
2221222112211122221121121122121211112122122121222122112122221222222222221112121211121
11211122111121121111112212221112112112221222112221211211121112222222111
2211221111222221222111111212121121121122222211212212
11222221211121211212211111111122
1
1212221222122212121121122222221
1212111221122111121222112122211111222122122212112121121222222
111121121121112212222222211221
222221112222211111111221211222112121221222112212111111211121211
1112122121212211112212211212122211212112222111121112221122112111122211121221222
12222121212211222111121212211211221222211121121221112111221111211111112121211122112122
12221122112211122122212112211212212212122212
211221112121122112211222112112212212111221111122
1211222112122122111211112111121222111122121222112
2112112222121122212211222222212111222222121122112222111212222111122121222111222112212121212111
21112221121211221122221111121221221211212
2112111212111221212122212211212212121111121222222212121
112111122221221221121111212212112211222111222111212111
1122112112111212112221211121111222212222111212
2111122221212
21212212222122112222222122122111122221212111212211112211112221122221221211111212121
11
22111211212121122222122211121222112221122122121212111221221112112112
11112111211111112112122121211212
22212211121121211221222122211222112211211221111222222221212
2121221121122112112122112111212221122112212121121121212111212212121112222122112211211221122111121111
2121112211211
2222221111111112122222111211222221121122111222122122112212121212222211111112121221
2211222122112222112212221121121111111221112212
12221111211112112111122122221211121212
21121222111122122112222212121211211211222111121222211112121212112111
121112122112222122222212111121122221212122222111211221122111112211112212221111211122112211221122121
2222221121221112212121221122
22121111122222122121222211122122121212211122212222122
11112111122122212112222121221212212121112111122122221121222221112212222222
2212122212122211221212122122111222111112111211
211222211211111122122221211211211121222121222221121
212122111121222121121112222222221111
1111122121211212211221221111221222111111112121111122211111111122222121212
22222122221222
112222211111122112212222122122221111111122221121211221211221211122121211221222222121112111211122
2221211111222212222111221
12211121121122221221212111222222121212122122212121212211211121121111211122221221122
1221122111211112212111211221211221212222212211122212112222111222212211212122122212222112121111
11111222211222212222221222112212221221222112222
11211111211111111222211212122122112211121211122211212122112211222211222122221211211222222112222
221211112212222221112211221221111212111211
1121111212121112212111222211212212212211
221112222221122212121122121121111112122112222222211211212211121
212211121112212211112111111211111112121122211212122121221121112222121112211221
222222111111212222121221111221222122111122221112222211221222111111121212222121112211222
12212112121212221211211222122122112111212221212121112211121112111
112111112221222121121221222111112212111112112212
1221221121112111122122111212211121121222122
11212122122222111121122121121221211111112121211212112
12221221112211112222211112222222222
2111112211121212221122112111211112111122121122112
22111221121122212121212222111122112111222112121222212212112211122212111112221122121221
22121211221122112121212111222221222122221222222222212222121111111121
22112211122112122221112122212222122212222122212212111212122121112112122221121221122221212222111
22121222112211111111212222
222121222221221121221122112221122222212211121111211121222222222212212112
112112121212211221121221
2222222121121112122222121212111222111222121122122221122122222111222221122122122221211121221211212211
1122
211211212221211212122112112122212122121121221211221
11222112221222221211111221212211
211212211112221122211111221221221111121222121211121221122211122111211112121212221112112211112121
211222112122221221222112212222222211222112211111211112221121
2112211222121212211111112222221121112221222222222221211211111212212112221122121122112
12221211212111122112121211121221221111111222222222121222111222221121
12211121221212212112122211121221211121211222
222212112221121221222211212212211111211221
1211121122222221111122222122212211222122211212221211221221211221212111112122212212112222
211212112121112122122121122122112211
21122222111221212221112
1121222121222112211211222122122212111122212122211112
12111211212211221211112121122111121121112211122112
1122212111212111212122221
2111222121222221212122212212111221212221211221122122121221111212212111111112221122222121222211121
222111122222122222112222121221212222111222122112222122122112212221221122221112
21212112122222
2121122221212212111111112121
1212221222121211221122122112221122121121221221222121221121221211212
222122112121222122
2122112211222211112111121211211111221221112212112212212211211122111122211222222221212112221121221
22222222121122211122222112111122112122212122212212112111122212112221122112111111222111
112212121121112121212212111211111222121221221211111221122111222221212212222211221112111212121111212
1112221111122222111211221222212211122221122222121121212121121222121111221
211111112111222221222121112222121112222
2
22112122211222221
122111222112212221221221121211222121222112122121112211211122122221221212
211122122211112122212212122212121222211211112212222221222
12211111222211211122111222211122122212121212221211221212211112122221112111111221122221
112211211112122112111222112211222212121212211112122122211111121121222112112212111121
122222121111222212
2112122221122122221211222211221112222122112112112122211212122222121121221211221
212212112122222222121121221212112122
2222112222122211121112122122111212222211112121221211
2211212211222122222222112
212211211121211212212211121221
222111211121212221212
22121112211222122221221112121112111221121221212121212222222212121211222
2122121122121211121121111111122121222
21111221121112112122122111221212221222211111221221112112211221111212122222
12222211111212221211221222122121222122212111221112212122211221122111
221122121112122211212222212112122121112121112121122212212122221121222111112121
222121
22222221222211212212211221122
2122112212121211212212111211122112221221112111122212121222222211121222222121112111212122122211
1111112221121222212222
212212221121221112221121221211222122221112211111211211112212121122211112222221212221111
22121121211121222212112121221211
22121111222212211211112112222222221121111112221111122212121212222212
1112112221222121122111111222122222112121212111122121212111222
22122221212222222212222122111111212221112222121212211121
122212121221221112111221112222222121122122122212212111222211221222121112112112122
112112122122222122221121121122212212222222121221111221221222121221221222112121111212222221211211211
12221111221222121212211112221212121121222111221222122122
211111222121121121121111111221122111222221212211211121111222121122121221221111221211
122211122222212121111112111122221121212221121221121222112122111211
212211221211222211111221122221122221111112121121212111112111221222122221
11111212221111121122221212221121221111221122122111222112111112221112121221221221222112
2122122111112222221212121211111112121111111112221221111112222211111212211
2211112211221221222121222122111
21212221221112222211212111222111221111222222212122211121122212222112
2112211111212222111111121122122222212212111122211222112122211111212
121211122222211121112211112211221221111112221121221112121112222
122221122
111
12221122222122211121112221112111212121221121222122121212112111212221111212111
221221212212122
1211122122222211112221121121212211211221
2222222122211221121212211112112222
22221122122122121111111
1111122122122221212212112221212122222121211122221212221211
21222111111
12212121222212112211122121122222112122222211112211
1211212222222222121122221122112211221111222111222222222
111212122111112111212212121211221221221221212121212121222122112121121211122212221111211
12221112211111
11221122222222211221212212112111221122211222112112221111121122121112
22112221121212222211122221212212122212121211111221
122222121111221
2221122122111221121221222212122212
1221111221222121222111221121221121112111212
22122122211121222121211212222122122121221221211121121221122221122221111121
121111121221122112122212
1222211122211112122211111211111222111122122122211211112111111111222221111122222111121211121
2121122121112121222212212121221221222221122212111211211
21221221221212122211222221121212
211222122221111121222222122211112111
12212211112112111121112222212121122111211111221112211111112111122111122211222222221121
211
22211112122222212211121222112122121111121121212211222122111221111212122212221112122
122222212121122121122211112112121212211211222212122222212212112122221212222122221221
212221111211222222112121212222
1112222212222121111121122122221211222122121111212211112211222212222221
11122222211211211211121112121122212222222122121111211221121112111211112111122221222222211112
1111121211222112222121221112122122111112222221122112121112222122212222111122212222
11111212211212112121221212111122121121111121222111112221222212112121
2121111111222121212111222112212212
111122121121221221111211212222
1221121121211212221211221221
11222221222112211212111122122112212222111212121111211
1111222222121121111221111122112221112212211222211111122212112111212
122121222112211211
2222122222111121121112221211211211112112212212221221122212222212112212122221211212212122121211122121
1222111112222212221122111222122111
1112111111112212221211211111211122111122112121222212211221122111221211112211221111122212222222
11211212221221211212112212211
22121221212221222111122112211222122122222
2112
111222111121222221122122112212112211
12122211111
1111112221212211
2121222122111211122211121121111212111112121112111112222122121222111111212221122221
122121212212211111211222112211111111212221212211121111
222
2222211211121111212122212122122211111111222211111112212112212212122112212112212211211121122
212111221112122212221122112212212111112121211111212212221211112
2212
1211212121112222221222221122222212221111211122212112221122121122221121121222111
2111212111121122221111221111211
1222111122111121112112121121
21112212111221222211121221111122221211222212
212211112
2111111111112221111222111112221212111221
212122222222112222221
11222211212212111111112211222
111122112122221221121212122211221221121112212122111221212
212122122222211212211111122221112111111112122
211121211221212111211111112111222212221211122111212122122122122221121211112212212112122221221212
21212221112112112112221221111112211212111122221212
2221122122121112111121211122212121211211111221212121221122221211112122222212112221121212111111222
1222222221
11112111222121121221112121122212212222121211122221212111211212122212212
2211222222122112211121112121111121221122211111212111121111121
22212222121122112222222212122222122221122222212222112221112211222211111222112112212
112221111121221222122112211212222211211112212121221221222121112222111222221122211222221222211222221
2211121112122111111222211212122222
11222112111121
121112
212212111222221221212222222111211112122222222112112222212121211221211
12222221221111211111111211212211112111212122
211222222111221211111211112211112212111222121122121222211111121111
21112212221122122111112112221212112111221112222211111121212122212212222222
1211111222121221112212121211222211211122112112122111112112
2112222211122111212111121111112221212112222112
11211221222211121222121112221211122112121221111121212121112111122121112211111111112122111211122221
2111222112111212122211112211111121111222
222222221212221221221111211112211122222121222121212212121122121
21121221121222212212112121212222211112222112112212222111112212111112
221221111121122112111111122112111
112222212111221211211121222122211211222
122112222211122212121212211121121112212121112112111121212222222211221122222212121222222122111
211211112212122222122112122112211222121112212
2121222211221222221212222211222211111112222121122212111122112112222
111212221212121122222121122222112212222222222
22221221
1111222221111212111212121111112212122211222111111212
12212111221222112211121211122212122122221112121222111111122111121122
211122222211222111112212222112121211222212122122112212111222222221111
111111121221212
22222
222111
2222
211112
