100
11 135 70 15
15 153 184 60
184 180 180 146
167 57 83 60
181 32 50 72
85 99 132 34
13 38 109 79
26 53 14 12
143 37 165 83
73 134 189 126
29 34 91 169
23 172 67 173
127 180 181 116
168 188 79 113
175 181 4 164
76 177 11 17
102 19 190 175
125 151 130 179
171 131 161 21
121 170 80 28
151 25 150 61
169 119 13 29
9 121 77 16
40 85 98 88
45 118 80 89
31 170 46 10
12 2 78 7
195 109 148 157
103 146 133 98
138 72 42 145
7 146 192 119
132 23 31 67
97 177 141 88
170 127 124 186
135 158 105 178
127 130 67 30
121 7 53 200
14 36 78 95
91 196 159 47
77 23 19 189
100 151 176 136
78 70 55 100
166 190 28 137
70 94 97 94
22 167 100 150
178 12 4 155
128 69 184 162
116 182 92 3
122 16 133 45
124 199 62 187
159 91 166 89
190 6 161 64
169 188 172 38
137 148 199 175
162 66 193 183
107 55 48 62
144 29 70 157
196 46 5 131
12 132 113 171
88 178 137 74
85 58 166 110
102 199 182 142
38 41 65 175
46 121 96 89
74 166 149 165
101 47 188 153
151 89 179 101
1 17 67 93
151 65 74 10
8 30 64 33
170 22 71 105
108 192 142 166
22 158 158 68
25 99 6 124
54 153 188 161
42 34 169 55
52 169 98 20
43 36 199 138
13 189 58 70
45 120 181 176
40 43 56 116
198 42 118 38
138 29 194 106
182 179 39 163
51 11 148 113
170 70 46 124
34 182 59 80
133 78 80 40
172 172 97 135
98 147 14 15
147 36 152 8
104 106 191 191
41 132 116 116
195 187 2 139
54 29 170 38
138 186 83 27
171 110 159 179
134 69 34 149
153 58 81 185
187 35 164 72
