8.3082 19
55.044 16
70.242  3
59.494  9
45.674 23
73.682  2
66.666  6
92.106 19
2.9061 13
67.583 22
3.1599 14
28.714 22
89.229 20
46.114  9
62.613 16
60.064 14
31.541 17
42.965 24
94.678 23
22.485  1
63.786  8
44.742 17
63.389 20
55.331  2
38.576  9
27.007  6
22.341  5
18.762 20
37.726  2
69.304 12
41.310 17
66.918  8
38.104 15
59.236 10
32.546 24
70.562 11
92.555  4
76.479 10
34.976 24
63.656 10
1.8977  6
68.432  5
8.8136 20
29.586  6
29.362  3
24.930 24
64.203 23
90.703 10
68.354  7
95.565  2
58.577 10
94.399 20
54.564  1
83.785 16
62.659 21
88.474 13
9.5764  4
22.773 14
11.198 17
34.510 23
83.645 19
92.158 24
36.324 20
71.870 15
0.4524 24
86.908 14
5.6206 10
94.427  1
78.077  9
55.631 15
59.813  3
79.298 23
4.6473  1
83.730 18
71.260 21
44.715 22
70.494 22
18.826 22
28.377 14
88.051  2
74.451 25
13.534 21
31.640 11
87.911  8
32.029  8
80.785 16
11.066 22
71.186 16
98.845  9
76.497 17
7.1613 16
32.259 19
38.197  5
12.829 25
81.908 20
66.294 19
78.561 19
92.319 11
16.865  1
21.033 17
59.609 10
71.670 23
7.0742 19
78.719  3
7.7142 20
86.897  3
36.992  2
95.937 20
64.658 12
83.572 16
36.213 25
5.9469 23
92.815 25
98.655 21
59.307 21
85.470  5
86.279 14
74.031 25
5.3080  2
6.7634  6
56.546  3
99.625 13
34.335 23
33.883 16
54.556 12
81.336  6
40.275 17
99.672  7
79.842 11
4.7342 11
40.757 25
68.294  8
49.996  6
31.273 12
28.322 25
98.943  8
55.512 13
45.176 13
99.661 10
6.2957  1
35.279  7
68.981 14
85.667 17
84.880  2
9.6423 14
6.2837  7
6.6594 12
19.714 17
88.272 23
17.208 12
55.148  3
16.833 20
11.122 19
38.250  2
71.800  1
83.725  4
75.099 11
78.511  1
47.449 23
52.897  4
95.166 12
8.1126 15
98.907  5
20.522  6
30.619 21
93.743 23
12.450 23
63.108 13
51.663  6
38.400 19
68.069  8
62.596  9
49.044 11
93.016  9
11.949  4
1.7720 11
82.233 15
15.864  9
15.441 23
48.186 25
79.559 19
97.871 14
24.338 12
87.575 15
95.260 20
23.053  7
37.312 25
42.949 18
25.458 10
74.793 19
69.857 11
61.027 14
18.482 17
14.489 14
40.698 25
53.413 18
56.474  4
40.532  8
88.189 16
37.597 20
64.924  8
96.930 23
32.880 18
31.206  5
14.773  4
92.231 10
70.882 18
48.911  2
6.4966 15
20.848 15
58.523  4
84.598 25
49.651  6
13.236 11
21.258  4
71.885  7
5.5471 15
33.683 14
17.181  7
93.559  7
16.286 23
9.6365 19
53.954 16
50.394  4
78.569 25
1.5608 15
64.617 16
99.014 21
44.551  7
87.473 13
45.907 21
21.463 18
32.885 23
13.576 17
69.276 24
65.392 23
23.985 17
38.826 13
34.822 15
69.718  6
82.781 19
33.663 16
85.803 15
38.341  2
96.520  1
8.9799  6
83.635 15
98.183 23
15.249  4
32.423 17
61.101  7
18.107  6
85.090  3
20.990 18
33.647 11
84.117  1
69.889 15
39.721 17
45.796 10
46.685 23
3.0397  1
44.911  7
23.142 16
55.056 17
50.556 21
34.439 22
58.068 25
86.200  4
86.362 18
96.773 10
86.513  9
66.782 25
81.098 24
80.601 24
15.931  3
31.018 24
45.699 11
62.592  8
18.409 23
38.001 19
79.842 16
46.328 25
37.526 25
22.122  4
19.271 13
31.044  2
37.311 13
11.035 16
87.379  7
24.426 19
18.727 20
94.118  1
74.785 12
5.9184  9
7.9091  5
85.525 14
52.731  8
4.4298  1
97.334 23
56.579 10
56.959  2
80.507  1
72.535 10
47.916  8
33.516  8
93.292 19
43.951 24
91.153 10
86.669  9
45.936  8
32.253 11
17.958  2
58.123 15
63.668  6
47.483 17
51.856  7
54.909 15
81.656 10
67.681  6
22.460 21
28.998 18
47.224  4
81.991 14
6.2710  9
40.732 18
18.858 14
96.854  8
92.679  3
88.889  2
74.258  3
9.8122  9
70.161 20
22.118  1
36.525 20
70.522 19
37.495 14
78.502 14
40.516  7
67.099 10
24.569 23
20.172 19
30.179  9
68.960 13
24.295 12
77.216 24
12.208 12
92.039 21
86.086 12
77.615 14
5.9046 17
51.059 25
7.1485 15
60.085  4
80.442  4
82.380 14
9.1472 16
97.943 23
27.072 10
7.2931 11
39.722 21
37.227 22
93.188  9
67.723  2
81.334 25
81.836 12
63.597  5
71.435  7
16.926 25
32.386 22
5.8104 11
63.291  7
2.6707  4
26.238 14
4.2455  6
84.181 20
90.355 13
38.486 20
47.316  9
67.967 13
33.248  3
44.402 18
2.4170  4
37.683  3
77.684 20
38.587 20
33.983  9
4.8995 19
43.805 14
78.273 22
46.222 22
30.719  3
54.128 15
69.808 21
23.344  5
92.439 10
94.816 11
85.886 19
72.394 19
40.331  4
68.672 13
26.589  2
18.549  8
45.605  1
70.789 24
33.296 11
84.411 25
44.942 11
42.069  3
88.680 17
43.103  8
55.844 25
29.911  3
50.726 10
22.820 15
34.854 10
6.0285  5
44.490  6
80.913  5
83.069 11
40.041  2
78.174  3
75.444 23
79.060 16
58.202  7
46.582  3
18.492  3
40.299  5
21.538  2
85.913 10
51.213 17
29.918  4
70.881 24
85.274 14
46.882  2
99.770 14
16.479  8
3.1769  1
69.900 18
46.402 24
8.2800  1
70.703  9
24.254  3
96.157  9
94.647 22
42.334 12
91.722 15
62.274 18
42.117 11
18.583 25
3.0177 25
41.276 20
98.582  5
70.434 14
56.545  8
24.108 16
54.083  5
94.711 11
57.205 15
56.510  8
26.891  4
14.544  1
62.072  2
66.730  6
58.720  4
99.802 16
24.086 22
72.098 10
56.074 16
85.028 16
24.809  4
85.085 25
89.247  9
36.987  1
14.321 18
97.801 17
22.662  3
16.975 16
61.495 14
77.355  6
95.167 21
73.535 19
72.048 10
11.540 18
41.160 13
59.724 20
33.959  5
60.464 23
24.621 22
38.432  1
15.361 16
25.328  5
98.394  3
10.686 16
40.084  2
27.360 21
1.6199 17
17.217  8
69.033 15
73.229  5
23.157  9
62.012 24
14.093 11
67.248 20
96.891 19
43.658  3
62.397 21
94.935 24
23.942 25
16.170  6
68.908 16
35.393 24
56.565  3
47.112 17
86.570 20
64.601 15
92.104  5
10.051 14
48.885 16
72.473 24
95.933 13
14.904 11
61.911  4
23.430 11
38.036  3
49.818 14
49.354  9
99.871 11
19.343 15
59.885 14
44.309  8
68.029  9
26.143 16
44.262  9
61.387 12
33.663 12
16.757 20
17.599 22
60.774 23
35.861 18
22.260 15
4.3717  5
99.666  1
83.374  6
87.491 22
84.137 15
5.1252 14
71.010 10
21.877  2
60.336 19
90.023 25
29.426 11
39.844 11
83.704 25
1.5885 25
90.879 14
69.152 21
86.823 25
91.338 24
28.763 13
19.050 18
59.278 12
50.736 25
5.2907 16
1.0416 15
69.276  9
10.337  5
78.529 16
51.432  8
68.127  8
45.887 22
32.802  5
43.299 22
53.765 22
4.6398  6
49.977 24
92.711 24
74.938  1
78.047 24
27.404 14
66.287 23
43.742  2
87.639 11
28.511 14
57.953 23
88.330 15
26.824 17
84.938  4
39.624 18
52.243 11
89.244  4
73.419 21
32.554  8
81.136  5
47.771  7
34.550  4
40.937  4
3.0061 23
28.723  7
44.442 11
23.034 14
39.910 16
11.950  6
68.374  5
4.2167 10
62.197 10
82.729  3
3.0330 13
55.772 11
40.915  1
94.833  9
6.5436  4
52.876 12
88.270 20
74.088 21
31.976 10
43.676 10
35.338 15
32.291 10
63.112 20
62.642 20
1.3301 15
93.862 25
52.752 15
89.580 17
53.475 24
21.323 13
3.9240  9
99.003 13
4.1760  7
11.889 10
62.892 10
13.452 21
96.768  6
77.921 19
36.203 25
68.628 12
38.148  4
86.303  3
92.940 13
7.7898 12
28.233 12
91.910 18
29.349 19
32.285 18
82.482 14
25.047  6
95.559 19
81.294  8
19.673 21
66.506  3
2.9803 17
98.355  2
23.014  6
4.6911  1
87.832  7
10.434 22
54.297 12
17.314 20
36.620  2
48.779  6
58.683  2
27.650  1
94.435 19
29.462 19
7.9611 18
0.0110 12
