25

686211.33
2.2000
1.0000
1.0000
1.9000
1.5000
1.2000
1.2000
0.9000
1.1000
2.4000
1.3000
2.0000
1.8000
1.6000
1.5000
1.9000
1.1000
0.8000
0.9000
0.9000
1.8000
2.0000
1.0000
1.0000
0.9000
2.2000
1.3000
1.1000
1.5000
1.3000
1.4000
1.5000
1.0000
1.1000
1.5000
1.3000
1.0000
1.8000
1.2000
1.4000
1.6000
1.7000
1.8000
1.5000
1.1000
1.4000
1.3000
1.5000
1.1000
1.0000
1.7000
1.8000
1.3000
1.3000
1.1000
1.1000
0.9000
1.7000
1.7000
1.7000
1.4000
1.4000
1.5000
1.6000
1.5000
1.9000
1.2000
2.1000
1.5000
2.1000
60
P  1                 76 81 95 52
P  2                 43 32 83 48
P  3                 65 86 88 31
P  4*                45 31 84 49
P  5                 12 42 DQ
P  6                 DQ
P  7*                85 27 15 68
P  8                 56 50 DQ
P  9                 48 DQ
P 10                 95 65 20 DQ
P 11*                DQ
P 12                 DQ
P 13                 25 65 DQ
P 14                 DQ
P 15                 30 74 59 70
P 16                 77 28 60 95
P 17                 15 60 32 32
P 18                 22 DQ
P 19*                70 29 16 77
P 20                 16 65 22 86
P 21                 91 74 81 36
P 22                 48 DQ
P 23                 92 22 72 76
P 24                 82 38 26 59
P 25                 12 21 45 42
P 26                 80 DQ
P 27*                94 DQ
P 28                 93 69 46 11
P 29                 79 49 20 86
P 30                 83 51 13 51
P 31*                DQ
P 32                 69 43 22 92
P 33                 29 74 56 65
P 34                 10 80 DQ
P 35*                76 84 78 84
P 36*                28 85 87 15
P 37*                DQ
P 38                 26 DQ
P 39                 87 DQ
P 40*                12 11 91 74
P 41                 59 92 26 50
P 42                 17 11 45 39
P 43                 26 65 69 46
P 44*                84 61 85 96
P 45*                36 63 86 31
P 46                 10 97 42 35
P 47                 35 85 22 78
P 48                 22 88 61 36
P 49                 75 39 64 56
P 50*                72 79 46 57
P 51                 69 58 DQ
P 52                 68 97 29 91
P 53*                31 97 99 78
P 54                 57 40 90 97
P 55                 17 17 22 DQ
P 56                 30 90 76 30
P 57                 81 42 88 10
P 58                 52 26 24 68
P 59                 42 94 66 46
P 60                 19 90 44 67

921255.61
1.7000
1.7000
1.4000
2.0000
1.4000
2.1000
1.7000
0.6000
1.2000
2.0000
1.0000
1.9000
1.7000
1.0000
1.6000
0.9000
1.2000
1.7000
1.1000
2.4000
1.0000
1.7000
2.0000
1.8000
1.2000
1.3000
1.4000
1.0000
1.3000
2.1000
1.4000
1.6000
1.4000
1.3000
1.5000
1.2000
1.5000
1.5000
1.2000
1.5000
1.3000
2.3000
2.0000
1.1000
0.8000
1.3000
1.3000
1.1000
0.8000
1.4000
1.8000
1.3000
1.1000
1.8000
1.2000
1.3000
1.5000
1.8000
1.2000
1.3000
1.8000
0.7000
1.6000
0.8000
1.2000
1.6000
1.1000
1.4000
1.5000
1.4000
44
P  1*                12 49 51 71
P  2                 77 84 96 22
P  3                 39 66 88 DQ
P  4*                13 26 31 96
P  5                 99 86 DQ
P  6                 22 11 DQ
P  7                 66 53 22 91
P  8*                10 67 58 96
P  9*                DQ
P 10                 41 84 61 23
P 11*                DQ
P 12                 46 42 70 78
P 13*                40 44 89 67
P 14                 78 87 85 37
P 15                 89 44 22 21
P 16                 82 DQ
P 17                 70 17 52 46
P 18                 24 87 34 79
P 19                 30 42 68 20
P 20*                54 DQ
P 21                 82 35 52 21
P 22                 88 14 DQ
P 23                 20 69 DQ
P 24                 91 50 41 18
P 25                 DQ
P 26*                88 49 40 83
P 27                 75 41 47 11
P 28                 54 DQ
P 29                 20 21 21 78
P 30                 DQ
P 31                 DQ
P 32*                DQ
P 33                 95 68 90 37
P 34*                38 61 67 DQ
P 35                 DQ
P 36                 68 89 61 13
P 37*                25 52 41 DQ
P 38                 72 22 74 50
P 39                 50 68 56 68
P 40                 82 90 62 87
P 41                 80 50 11 76
P 42*                47 32 95 96
P 43                 DQ
P 44                 98 DQ

760856.41
1.5000
1.3000
1.9000
1.5000
1.4000
1.2000
1.3000
1.8000
2.1000
1.9000
1.8000
1.5000
1.7000
1.9000
1.8000
1.1000
1.7000
1.1000
0.9000
0.8000
1.3000
1.3000
1.3000
1.8000
1.0000
1.9000
1.3000
0.9000
1.8000
1.8000
0.8000
1.1000
1.3000
1.8000
1.5000
1.0000
1.2000
2.2000
1.1000
1.0000
1.6000
2.2000
1.1000
1.9000
1.0000
1.0000
1.3000
1.5000
1.2000
0.8000
1.8000
1.8000
2.1000
1.2000
1.1000
1.7000
1.7000
1.5000
1.7000
1.4000
0.8000
1.8000
1.4000
0.7000
1.7000
1.4000
1.6000
1.2000
1.0000
1.2000
79
P  1                 DQ
P  2                 71 74 87 21
P  3                 37 95 DQ
P  4                 30 12 61 59
P  5                 69 26 47 78
P  6*                52 29 86 34
P  7                 29 20 96 23
P  8                 44 14 83 89
P  9*                DQ
P 10*                92 DQ
P 11                 79 DQ
P 12*                37 96 42 67
P 13                 43 27 17 50
P 14*                92 77 DQ
P 15                 70 87 50 DQ
P 16                 58 86 15 80
P 17*                35 25 93 46
P 18*                DQ
P 19*                30 60 15 DQ
P 20*                92 47 80 54
P 21                 86 39 11 15
P 22*                13 97 10 23
P 23                 28 39 67 74
P 24                 59 13 DQ
P 25                 42 96 91 88
P 26                 85 76 24 49
P 27                 78 69 57 DQ
P 28*                65 71 80 50
P 29*                93 54 56 88
P 30                 65 57 DQ
P 31                 81 13 86 60
P 32                 31 89 31 53
P 33*                DQ
P 34*                69 52 97 27
P 35                 54 62 58 89
P 36                 93 49 93 96
P 37                 72 39 54 40
P 38                 99 85 31 DQ
P 39                 51 75 13 DQ
P 40                 95 40 16 25
P 41                 51 30 42 42
P 42                 22 76 78 93
P 43                 96 52 31 93
P 44*                65 45 55 DQ
P 45                 74 31 32 89
P 46                 DQ
P 47                 95 94 99 55
P 48*                48 91 59 33
P 49                 20 80 38 43
P 50                 94 87 31 81
P 51                 80 17 83 18
P 52                 44 93 DQ
P 53*                DQ
P 54                 38 89 80 11
P 55                 85 14 66 95
P 56                 40 DQ
P 57                 77 89 57 32
P 58                 22 30 48 51
P 59                 36 68 DQ
P 60                 57 68 93 66
P 61                 17 57 38 34
P 62                 54 17 55 87
P 63                 55 81 DQ
P 64                 28 42 45 59
P 65                 69 61 31 40
P 66                 DQ
P 67*                75 48 91 51
P 68                 42 86 53 70
P 69                 74 40 16 93
P 70                 31 56 79 44
P 71                 90 60 33 45
P 72                 43 DQ
P 73*                54 DQ
P 74                 58 34 DQ
P 75                 84 DQ
P 76                 97 12 38 98
P 77                 31 36 DQ
P 78*                20 22 66 21
P 79                 53 84 85 53

180285.63
2.0000
1.0000
1.0000
1.3000
1.6000
1.5000
1.2000
1.1000
1.9000
1.1000
1.7000
1.8000
2.0000
1.6000
1.6000
1.3000
0.8000
1.4000
1.2000
1.3000
0.9000
1.5000
1.2000
1.3000
1.2000
1.5000
2.0000
1.1000
0.9000
1.2000
1.7000
1.6000
2.9000
1.7000
1.0000
1.4000
1.5000
1.0000
1.2000
0.8000
2.1000
1.6000
1.8000
1.2000
2.1000
1.5000
1.8000
1.5000
1.4000
1.3000
1.1000
1.3000
1.7000
1.5000
1.4000
1.6000
1.4000
2.1000
1.3000
1.7000
1.4000
1.3000
1.2000
0.8000
1.0000
1.6000
0.9000
1.4000
1.8000
1.2000
90
P  1                 78 DQ
P  2*                51 60 18 39
P  3                 84 DQ
P  4                 92 69 62 65
P  5*                32 50 36 63
P  6                 67 81 54 45
P  7                 29 27 72 91
P  8                 52 26 99 98
P  9*                27 26 DQ
P 10                 81 15 88 62
P 11                 79 87 82 97
P 12*                75 22 42 51
P 13                 29 93 92 48
P 14                 83 93 54 48
P 15                 46 53 74 85
P 16                 62 40 92 64
P 17                 10 57 57 80
P 18*                27 40 16 88
P 19                 75 34 79 48
P 20*                DQ
P 21                 25 14 56 47
P 22                 17 51 10 83
P 23                 11 12 80 98
P 24*                48 DQ
P 25                 45 19 94 DQ
P 26*                34 56 70 24
P 27                 89 93 36 64
P 28*                24 85 39 63
P 29*                DQ
P 30                 56 87 89 19
P 31                 24 28 51 19
P 32                 96 12 28 60
P 33                 61 51 79 49
P 34*                64 71 13 DQ
P 35                 71 96 85 43
P 36                 61 36 60 99
P 37                 78 50 21 85
P 38                 DQ
P 39*                86 36 34 30
P 40*                DQ
P 41                 83 80 99 58
P 42                 DQ
P 43                 32 21 69 12
P 44                 88 99 33 15
P 45                 36 41 73 DQ
P 46*                48 74 35 58
P 47                 DQ
P 48                 12 79 50 37
P 49                 94 26 DQ
P 50*                57 48 86 19
P 51*                97 33 72 64
P 52                 95 94 30 94
P 53                 72 99 55 29
P 54                 68 DQ
P 55                 97 66 11 70
P 56                 28 DQ
P 57                 51 10 82 25
P 58                 70 35 15 61
P 59                 20 17 89 49
P 60*                67 35 50 74
P 61*                46 39 68 78
P 62                 33 DQ
P 63*                52 43 DQ
P 64                 31 37 51 62
P 65                 36 87 18 77
P 66                 17 68 89 66
P 67                 99 22 45 60
P 68*                23 20 36 39
P 69                 18 82 58 20
P 70                 37 75 69 88
P 71                 15 20 28 DQ
P 72                 DQ
P 73                 62 34 DQ
P 74*                74 61 24 74
P 75                 50 58 DQ
P 76*                95 55 67 13
P 77                 83 89 73 39
P 78*                90 91 21 54
P 79                 64 75 61 17
P 80                 35 85 67 93
P 81                 45 24 56 13
P 82                 39 47 11 DQ
P 83                 11 DQ
P 84*                56 66 98 29
P 85                 43 42 62 DQ
P 86*                43 57 DQ
P 87                 44 63 45 67
P 88                 24 25 32 66
P 89*                54 DQ
P 90                 80 86 28 56

391132.70
1.6000
1.6000
1.5000
1.0000
1.4000
1.3000
1.6000
1.2000
1.7000
1.5000
1.6000
1.6000
1.8000
1.5000
2.1000
1.1000
1.6000
1.3000
1.6000
1.7000
1.9000
1.1000
1.2000
1.2000
1.3000
1.5000
1.4000
1.2000
0.7000
2.2000
1.5000
1.6000
2.5000
1.2000
0.8000
1.1000
1.5000
1.6000
1.4000
2.2000
1.6000
1.4000
1.4000
1.3000
1.3000
1.2000
2.2000
1.4000
1.2000
0.9000
1.5000
1.5000
0.9000
1.1000
1.2000
2.0000
1.1000
1.5000
1.4000
1.4000
1.5000
1.5000
1.8000
1.6000
1.7000
1.0000
0.6000
1.7000
0.7000
1.0000
19
P  1                 85 53 77 DQ
P  2*                59 52 99 82
P  3                 63 43 83 30
P  4                 DQ
P  5                 98 DQ
P  6*                85 89 78 87
P  7*                39 73 78 36
P  8                 69 28 89 36
P  9*                34 15 52 73
P 10*                84 46 45 31
P 11                 62 14 46 77
P 12*                23 32 14 81
P 13*                97 21 45 89
P 14                 83 64 91 61
P 15*                35 31 93 34
P 16                 23 DQ
P 17*                99 79 15 93
P 18                 77 35 80 84
P 19                 71 79 94 60

535420.43
1.2000
1.2000
1.5000
1.5000
1.6000
1.4000
1.9000
1.5000
1.4000
2.1000
1.6000
1.1000
1.2000
1.5000
2.6000
1.8000
0.3000
1.6000
1.4000
2.0000
2.5000
1.3000
2.0000
1.8000
1.3000
1.1000
1.1000
1.5000
1.5000
1.1000
1.4000
1.0000
1.5000
1.0000
1.0000
1.2000
1.2000
1.9000
1.0000
1.9000
1.2000
1.2000
1.3000
1.5000
1.0000
1.6000
0.9000
1.5000
0.7000
1.4000
1.8000
1.0000
1.6000
1.6000
1.6000
1.9000
1.0000
1.6000
0.9000
1.4000
1.6000
1.9000
1.3000
1.4000
0.9000
1.2000
1.3000
2.3000
1.4000
1.3000
16
P  1                 79 DQ
P  2                 13 26 42 DQ
P  3                 91 41 35 26
P  4*                31 87 35 33
P  5*                31 23 85 42
P  6                 36 56 65 81
P  7*                85 64 34 27
P  8                 95 39 39 49
P  9*                28 DQ
P 10                 79 99 28 63
P 11                 48 50 94 95
P 12                 52 51 27 DQ
P 13                 51 28 50 41
P 14                 DQ
P 15*                93 35 35 72
P 16                 29 38 86 49

801912.76
1.7000
1.5000
1.5000
1.4000
2.6000
0.9000
1.9000
1.1000
1.8000
1.2000
1.4000
1.7000
1.7000
1.7000
0.9000
1.9000
1.3000
1.4000
1.4000
1.3000
1.4000
1.1000
1.7000
1.1000
1.8000
2.0000
1.4000
1.8000
1.6000
2.0000
1.5000
0.7000
1.3000
1.2000
1.6000
1.0000
1.0000
1.7000
1.5000
1.4000
0.9000
1.9000
1.1000
1.6000
0.9000
1.8000
1.2000
1.3000
1.2000
1.7000
1.6000
1.5000
1.2000
1.1000
1.7000
1.4000
1.4000
1.6000
1.6000
1.6000
1.4000
2.0000
1.1000
1.0000
1.1000
1.3000
0.8000
1.3000
1.6000
1.0000
118
P  1                 86 DQ
P  2                 15 30 14 65
P  3*                13 67 44 94
P  4                 67 97 47 53
P  5                 40 50 32 95
P  6                 66 49 DQ
P  7                 99 11 22 94
P  8                 91 75 31 34
P  9                 36 50 82 71
P 10                 73 80 80 80
P 11                 31 DQ
P 12*                63 DQ
P 13*                63 73 54 25
P 14                 98 37 19 DQ
P 15*                79 10 37 94
P 16                 16 68 12 80
P 17                 35 37 55 21
P 18                 82 28 76 86
P 19                 20 29 12 67
P 20*                50 21 62 51
P 21*                38 53 52 94
P 22                 86 15 47 86
P 23*                30 97 53 78
P 24                 41 30 46 DQ
P 25                 42 68 23 97
P 26                 44 22 DQ
P 27*                45 61 68 18
P 28                 27 86 27 90
P 29                 20 64 40 91
P 30                 65 63 DQ
P 31                 22 65 64 DQ
P 32                 10 58 67 DQ
P 33                 21 72 78 81
P 34                 46 11 78 19
P 35                 22 36 30 22
P 36                 79 58 52 22
P 37*                81 27 60 30
P 38                 DQ
P 39                 54 78 70 24
P 40                 55 71 74 DQ
P 41                 32 83 33 85
P 42                 16 87 20 30
P 43*                90 10 21 12
P 44                 38 71 39 81
P 45                 43 62 48 87
P 46                 28 15 98 15
P 47*                60 DQ
P 48                 38 25 39 18
P 49                 14 52 29 91
P 50                 19 80 21 42
P 51*                93 DQ
P 52                 11 63 48 98
P 53                 12 14 34 97
P 54                 68 70 27 38
P 55                 31 62 62 46
P 56*                DQ
P 57                 44 53 38 35
P 58                 27 40 51 12
P 59                 91 48 96 15
P 60                 57 76 74 14
P 61                 26 42 80 79
P 62                 15 94 58 70
P 63                 39 53 77 34
P 64*                85 84 20 69
P 65                 45 83 44 55
P 66*                83 62 79 23
P 67                 DQ
P 68*                88 99 89 92
P 69                 51 54 DQ
P 70*                77 99 55 84
P 71                 63 27 64 14
P 72                 DQ
P 73                 32 40 11 80
P 74                 32 53 23 DQ
P 75                 84 24 DQ
P 76*                91 69 40 DQ
P 77                 72 18 67 25
P 78                 99 33 11 62
P 79                 DQ
P 80                 32 30 54 32
P 81                 83 63 DQ
P 82                 17 75 55 71
P 83                 72 15 48 20
P 84                 40 97 67 21
P 85                 36 82 22 DQ
P 86*                27 28 80 36
P 87                 74 98 26 DQ
P 88                 72 DQ
P 89                 63 71 89 43
P 90                 90 48 37 60
P 91                 49 38 85 90
P 92                 24 79 92 82
P 93*                41 51 45 DQ
P 94                 19 66 88 23
P 95                 98 56 17 DQ
P 96*                81 48 71 19
P 97*                23 98 81 88
P 98                 39 16 DQ
P 99                 56 94 50 63
P100                 11 80 DQ
P101                 69 35 11 37
P102                 30 DQ
P103                 50 55 99 DQ
P104                 11 84 DQ
P105                 91 DQ
P106*                11 DQ
P107                 91 57 63 75
P108*                25 22 68 99
P109                 88 74 90 71
P110                 72 70 39 50
P111*                80 17 76 60
P112*                22 66 52 12
P113                 29 73 DQ
P114                 70 13 73 30
P115                 89 26 51 25
P116                 81 87 17 30
P117*                93 13 20 70
P118*                DQ

41841.99
1.9000
0.7000
1.4000
1.1000
1.3000
1.0000
1.4000
1.1000
1.6000
1.2000
1.5000
1.3000
1.1000
1.4000
1.9000
1.4000
1.3000
1.4000
1.4000
1.8000
1.5000
1.4000
1.2000
1.6000
1.1000
1.2000
1.3000
1.5000
1.2000
1.5000
1.6000
1.1000
1.2000
1.7000
1.0000
1.7000
1.4000
1.8000
1.3000
1.0000
1.2000
1.6000
0.7000
1.2000
2.3000
1.6000
1.3000
1.9000
1.2000
1.6000
1.5000
1.4000
1.9000
2.0000
1.9000
1.2000
1.5000
1.3000
1.5000
1.2000
1.6000
1.4000
1.5000
1.8000
1.4000
2.1000
1.0000
1.4000
1.8000
1.5000
80
P  1*                40 59 12 61
P  2                 84 34 19 62
P  3                 13 11 DQ
P  4                 16 21 59 DQ
P  5*                63 13 38 84
P  6                 97 92 52 85
P  7                 DQ
P  8                 32 93 12 62
P  9                 54 10 68 48
P 10                 58 99 93 44
P 11                 72 DQ
P 12*                42 95 89 85
P 13                 39 99 88 87
P 14                 DQ
P 15                 79 29 DQ
P 16                 26 91 22 91
P 17                 81 95 30 14
P 18                 92 22 DQ
P 19                 17 99 32 70
P 20*                61 17 44 57
P 21                 14 79 27 DQ
P 22*                20 52 DQ
P 23                 21 10 46 DQ
P 24                 83 63 83 92
P 25                 96 68 54 12
P 26                 41 41 80 92
P 27*                DQ
P 28*                44 47 98 28
P 29                 41 32 85 22
P 30                 38 14 50 38
P 31                 70 41 13 86
P 32                 68 27 98 27
P 33                 88 DQ
P 34*                DQ
P 35*                DQ
P 36*                60 55 53 74
P 37                 39 50 65 DQ
P 38                 65 41 22 33
P 39*                33 48 DQ
P 40                 DQ
P 41                 80 35 58 46
P 42*                23 23 87 65
P 43*                39 99 46 67
P 44*                18 43 38 90
P 45                 41 37 56 60
P 46*                DQ
P 47                 23 75 80 DQ
P 48                 38 54 61 11
P 49*                92 83 30 32
P 50*                82 98 92 16
P 51                 86 99 41 20
P 52                 98 16 DQ
P 53                 75 DQ
P 54                 92 65 60 61
P 55                 29 18 36 72
P 56                 44 50 38 34
P 57                 61 76 38 78
P 58                 94 43 98 92
P 59                 61 DQ
P 60                 34 35 63 15
P 61*                67 34 DQ
P 62                 20 95 60 89
P 63                 81 26 28 42
P 64                 67 41 39 21
P 65                 46 DQ
P 66                 DQ
P 67                 45 17 19 98
P 68                 24 37 40 84
P 69*                77 19 34 94
P 70*                17 21 70 20
P 71                 90 54 71 87
P 72                 81 43 52 19
P 73*                39 27 14 23
P 74                 54 70 31 63
P 75                 68 79 12 47
P 76                 56 98 64 30
P 77                 72 31 33 17
P 78*                34 64 26 53
P 79                 DQ
P 80                 14 75 67 93

590732.45
1.7000
1.6000
1.5000
2.2000
1.1000
1.7000
1.6000
1.7000
1.1000
1.4000
2.2000
1.2000
0.8000
1.3000
1.3000
1.0000
1.7000
1.5000
1.3000
1.6000
1.5000
1.5000
2.1000
1.7000
0.7000
1.0000
1.7000
1.1000
0.9000
1.3000
1.8000
1.6000
1.1000
1.7000
1.1000
2.2000
1.0000
1.4000
0.7000
1.4000
1.6000
1.2000
1.6000
1.3000
1.2000
1.2000
1.9000
1.5000
1.9000
1.2000
1.2000
1.5000
1.1000
1.1000
1.5000
1.3000
1.3000
1.6000
1.1000
1.2000
1.0000
1.4000
1.5000
1.1000
1.3000
1.9000
1.4000
1.7000
1.2000
3.0000
74
P  1                 21 52 38 82
P  2                 DQ
P  3                 37 87 DQ
P  4                 19 13 94 58
P  5*                49 64 DQ
P  6                 30 DQ
P  7                 DQ
P  8                 70 52 35 50
P  9                 38 50 57 27
P 10                 DQ
P 11                 53 37 33 31
P 12                 10 51 39 85
P 13                 35 96 90 DQ
P 14                 69 DQ
P 15                 67 60 68 13
P 16                 84 85 12 54
P 17                 23 82 20 99
P 18                 31 25 31 DQ
P 19                 78 42 79 71
P 20*                35 73 34 49
P 21                 59 57 30 DQ
P 22                 63 56 39 80
P 23                 59 91 68 30
P 24                 DQ
P 25                 91 74 32 66
P 26                 97 38 95 88
P 27                 21 80 DQ
P 28                 28 39 99 38
P 29                 65 44 DQ
P 30*                76 35 30 55
P 31                 24 67 41 DQ
P 32                 69 33 DQ
P 33                 73 79 10 93
P 34*                64 74 57 16
P 35                 87 53 53 93
P 36*                26 57 DQ
P 37*                71 76 95 20
P 38                 46 22 26 24
P 39                 29 32 92 54
P 40*                12 34 34 16
P 41                 83 DQ
P 42                 46 22 83 DQ
P 43                 91 48 11 DQ
P 44                 10 71 10 88
P 45*                77 91 66 DQ
P 46                 14 DQ
P 47                 33 56 54 97
P 48                 15 31 62 78
P 49*                DQ
P 50                 DQ
P 51*                57 DQ
P 52                 84 26 DQ
P 53                 58 97 31 49
P 54                 48 DQ
P 55                 44 13 68 89
P 56*                51 26 41 77
P 57                 36 93 67 40
P 58*                79 30 53 45
P 59*                29 69 14 90
P 60*                DQ
P 61                 15 57 73 56
P 62                 15 20 74 29
P 63                 42 DQ
P 64*                32 62 33 41
P 65*                46 71 62 44
P 66                 DQ
P 67                 22 55 96 66
P 68*                48 68 10 66
P 69                 36 57 52 76
P 70                 14 42 39 54
P 71                 90 96 74 95
P 72                 74 12 61 43
P 73                 40 88 70 13
P 74                 22 65 13 DQ

978430.05
1.4000
1.5000
1.7000
1.5000
1.1000
1.2000
1.8000
1.5000
1.6000
1.2000
1.5000
1.5000
1.5000
1.2000
2.0000
1.8000
2.0000
0.9000
1.7000
1.1000
1.1000
1.7000
2.0000
1.7000
1.5000
1.2000
1.3000
1.0000
1.4000
1.3000
1.0000
1.9000
2.0000
1.7000
1.0000
1.0000
1.5000
2.0000
2.1000
1.9000
1.7000
1.5000
1.3000
1.1000
1.7000
1.0000
1.0000
1.4000
0.9000
1.8000
1.5000
1.7000
0.8000
1.1000
1.9000
0.7000
1.0000
1.0000
1.0000
1.3000
1.4000
1.3000
1.6000
1.3000
1.4000
1.4000
1.9000
1.5000
1.4000
1.4000
114
P  1                 51 29 80 39
P  2                 49 51 23 42
P  3                 DQ
P  4                 90 86 58 DQ
P  5                 DQ
P  6                 14 74 20 63
P  7                 72 DQ
P  8*                57 19 30 40
P  9                 37 75 87 60
P 10                 64 82 36 DQ
P 11                 20 40 DQ
P 12                 64 38 93 DQ
P 13                 58 42 36 18
P 14                 34 64 85 52
P 15                 40 57 54 80
P 16*                36 18 22 34
P 17                 97 DQ
P 18                 26 95 24 94
P 19                 86 47 10 23
P 20                 49 51 73 80
P 21*                77 62 15 13
P 22                 65 57 51 92
P 23*                64 63 60 48
P 24                 99 83 63 59
P 25                 50 10 54 28
P 26                 46 52 55 27
P 27                 41 29 14 26
P 28*                50 91 62 DQ
P 29                 34 50 65 76
P 30                 83 82 46 53
P 31                 19 DQ
P 32                 DQ
P 33                 69 DQ
P 34                 22 16 59 83
P 35                 21 60 69 95
P 36                 49 65 17 68
P 37*                90 22 51 41
P 38*                12 49 97 71
P 39                 65 36 50 53
P 40*                82 76 71 10
P 41                 23 DQ
P 42                 92 88 93 74
P 43                 DQ
P 44                 DQ
P 45                 50 33 59 29
P 46                 90 69 88 77
P 47                 31 71 89 60
P 48                 13 96 38 68
P 49*                35 DQ
P 50                 10 63 93 DQ
P 51                 43 87 33 62
P 52                 91 14 32 25
P 53                 11 95 72 28
P 54                 21 75 42 53
P 55                 81 58 66 12
P 56                 97 71 84 77
P 57                 34 DQ
P 58*                51 59 16 74
P 59                 DQ
P 60                 18 59 56 34
P 61                 95 45 64 30
P 62                 42 90 83 60
P 63                 26 79 DQ
P 64                 69 78 82 48
P 65                 DQ
P 66                 34 DQ
P 67                 79 DQ
P 68                 DQ
P 69*                29 79 85 46
P 70                 30 22 13 82
P 71                 15 35 79 66
P 72                 79 92 10 54
P 73                 67 40 85 95
P 74                 51 25 34 76
P 75                 33 53 23 22
P 76                 73 14 62 49
P 77                 58 91 45 DQ
P 78                 96 24 57 70
P 79*                45 80 85 82
P 80                 44 62 DQ
P 81                 74 94 68 95
P 82*                19 27 74 23
P 83                 93 63 78 22
P 84                 74 30 81 55
P 85*                49 76 18 36
P 86*                67 DQ
P 87                 85 61 40 58
P 88                 DQ
P 89                 12 56 39 39
P 90*                15 16 37 40
P 91*                95 10 14 11
P 92*                68 DQ
P 93                 92 50 67 63
P 94                 30 DQ
P 95                 49 98 91 49
P 96*                53 DQ
P 97                 47 14 DQ
P 98                 16 83 55 33
P 99*                46 85 74 81
P100                 82 DQ
P101                 10 11 82 39
P102                 98 62 24 57
P103                 93 77 93 74
P104                 56 97 32 45
P105                 13 91 73 DQ
P106*                75 54 10 DQ
P107                 41 52 30 61
P108                 94 76 19 94
P109*                76 71 16 80
P110                 42 71 15 DQ
P111*                DQ
P112*                33 53 DQ
P113                 71 49 32 94
P114                 29 96 21 94

225705.66
2.0000
1.5000
1.5000
1.4000
1.9000
1.0000
0.6000
1.3000
1.1000
1.0000
1.2000
1.7000
1.4000
1.4000
1.4000
1.3000
2.4000
0.9000
1.0000
1.9000
1.7000
1.2000
1.6000
1.2000
2.3000
1.0000
1.8000
1.5000
1.1000
1.3000
1.2000
1.2000
1.1000
1.5000
1.4000
1.0000
2.0000
1.3000
1.4000
1.8000
1.0000
1.4000
1.9000
1.5000
1.0000
1.4000
1.5000
1.8000
1.5000
2.3000
1.3000
1.3000
1.0000
1.7000
1.7000
0.9000
1.4000
1.3000
2.0000
1.3000
0.9000
0.9000
1.9000
1.3000
0.9000
1.8000
2.1000
1.4000
1.9000
1.2000
47
P  1                 76 63 62 68
P  2                 19 77 58 DQ
P  3*                22 96 77 91
P  4                 87 DQ
P  5*                89 87 89 33
P  6                 28 DQ
P  7                 69 55 18 DQ
P  8                 99 81 DQ
P  9                 77 45 21 87
P 10*                51 49 82 80
P 11                 72 59 15 10
P 12                 43 14 85 61
P 13                 DQ
P 14                 78 24 66 24
P 15*                53 66 48 95
P 16                 61 DQ
P 17*                84 55 33 DQ
P 18                 13 53 DQ
P 19                 41 19 65 90
P 20                 51 25 64 58
P 21                 DQ
P 22*                53 71 41 67
P 23                 51 DQ
P 24*                41 27 77 89
P 25                 67 40 93 56
P 26*                99 29 37 83
P 27*                86 77 DQ
P 28                 80 54 70 29
P 29                 DQ
P 30                 63 60 33 DQ
P 31                 37 60 65 20
P 32                 21 82 83 96
P 33*                77 31 61 64
P 34*                DQ
P 35                 40 23 15 86
P 36                 99 69 43 DQ
P 37                 18 31 24 74
P 38                 90 DQ
P 39                 DQ
P 40                 85 17 35 46
P 41                 97 17 DQ
P 42*                10 73 22 49
P 43                 53 28 69 47
P 44                 16 81 94 15
P 45*                22 88 84 54
P 46                 94 75 74 90
P 47                 96 92 40 85

297330.61
0.9000
1.3000
1.7000
1.9000
1.1000
1.1000
1.1000
1.4000
2.4000
1.4000
1.8000
1.3000
1.3000
1.6000
1.2000
1.1000
1.8000
1.6000
1.5000
1.8000
1.8000
1.6000
1.5000
0.7000
1.0000
0.8000
1.7000
1.6000
1.8000
1.0000
1.1000
2.7000
1.0000
1.5000
1.3000
1.1000
1.9000
1.2000
1.9000
1.1000
1.4000
1.8000
1.6000
1.1000
0.7000
1.3000
1.3000
1.4000
1.4000
1.5000
0.8000
1.0000
1.0000
0.9000
1.1000
1.3000
1.2000
1.0000
2.2000
1.7000
1.8000
1.5000
1.6000
1.8000
1.9000
1.3000
0.6000
1.7000
2.2000
2.3000
52
P  1                 77 73 DQ
P  2                 22 30 81 25
P  3                 83 73 53 42
P  4                 89 DQ
P  5                 DQ
P  6                 83 20 13 DQ
P  7                 81 65 44 21
P  8                 65 30 41 18
P  9                 10 95 72 38
P 10*                DQ
P 11*                47 98 37 DQ
P 12                 DQ
P 13                 49 87 97 45
P 14                 DQ
P 15                 20 93 89 79
P 16                 96 49 18 68
P 17                 92 62 65 92
P 18                 60 82 36 72
P 19                 56 DQ
P 20                 98 35 72 22
P 21                 14 78 36 92
P 22*                52 38 76 94
P 23                 50 90 47 60
P 24                 76 35 32 32
P 25*                97 56 28 44
P 26                 27 72 97 73
P 27                 80 26 22 46
P 28                 94 51 47 34
P 29                 30 46 15 79
P 30*                52 24 93 DQ
P 31                 72 13 57 78
P 32*                25 24 22 57
P 33                 62 31 96 25
P 34                 70 59 57 92
P 35                 13 95 92 18
P 36                 15 20 47 40
P 37                 65 85 DQ
P 38                 DQ
P 39                 79 30 78 93
P 40                 47 35 98 45
P 41                 82 79 60 63
P 42                 12 59 46 75
P 43                 61 81 16 66
P 44                 21 10 DQ
P 45                 92 98 98 16
P 46                 65 60 31 13
P 47                 47 12 42 33
P 48                 85 10 58 32
P 49                 28 97 33 55
P 50                 81 71 31 79
P 51*                62 47 70 63
P 52                 98 22 97 53

342542.81
1.0000
1.1000
2.1000
1.1000
1.1000
1.1000
0.8000
1.3000
1.2000
1.6000
1.2000
1.3000
1.5000
0.9000
2.0000
1.8000
1.6000
1.6000
1.6000
1.0000
1.7000
1.0000
2.1000
1.8000
1.6000
1.3000
2.3000
1.8000
1.4000
0.7000
0.9000
1.7000
1.2000
1.2000
1.4000
1.9000
1.9000
1.6000
1.3000
1.3000
1.5000
1.7000
1.8000
1.4000
1.1000
1.3000
1.8000
1.7000
1.2000
1.6000
1.8000
1.0000
1.7000
1.0000
1.1000
2.1000
1.5000
2.1000
1.2000
1.5000
1.3000
1.1000
1.3000
1.3000
1.0000
2.0000
1.3000
0.9000
1.4000
1.3000
91
P  1                 50 23 23 70
P  2                 35 32 29 66
P  3                 96 34 DQ
P  4                 64 82 77 42
P  5                 55 82 91 43
P  6*                27 52 19 71
P  7                 96 22 32 17
P  8                 71 45 DQ
P  9                 74 56 90 37
P 10                 79 88 37 68
P 11                 80 59 40 DQ
P 12                 63 94 50 52
P 13                 42 24 10 29
P 14                 18 31 32 26
P 15                 57 73 48 15
P 16*                36 56 81 75
P 17                 31 79 71 67
P 18*                31 93 52 42
P 19                 51 23 57 71
P 20*                DQ
P 21*                25 29 DQ
P 22                 12 DQ
P 23*                DQ
P 24*                23 75 95 80
P 25*                11 35 87 66
P 26                 64 51 37 62
P 27                 47 59 47 42
P 28                 63 98 46 23
P 29*                71 54 DQ
P 30                 DQ
P 31                 77 89 85 40
P 32                 77 49 95 38
P 33                 36 12 65 57
P 34                 86 80 51 DQ
P 35                 DQ
P 36                 12 96 97 34
P 37*                25 89 79 86
P 38                 95 74 80 55
P 39                 19 75 DQ
P 40                 19 DQ
P 41                 37 16 37 17
P 42*                55 28 DQ
P 43                 83 60 86 10
P 44*                22 33 92 38
P 45                 96 99 92 91
P 46                 19 DQ
P 47                 86 DQ
P 48                 59 77 94 94
P 49                 86 63 19 38
P 50                 31 93 60 33
P 51                 19 DQ
P 52                 89 25 60 88
P 53                 75 17 DQ
P 54                 71 30 83 37
P 55                 DQ
P 56                 59 DQ
P 57                 56 56 76 91
P 58                 83 89 DQ
P 59*                70 45 63 27
P 60*                58 77 72 DQ
P 61                 14 15 DQ
P 62                 96 41 DQ
P 63*                74 53 10 84
P 64                 36 32 71 63
P 65                 44 72 77 59
P 66*                90 76 50 78
P 67                 73 21 95 32
P 68                 75 33 82 DQ
P 69                 60 94 26 24
P 70                 26 87 26 18
P 71                 13 96 87 75
P 72*                19 81 52 87
P 73*                34 29 82 45
P 74                 57 58 56 27
P 75                 51 64 81 49
P 76*                98 14 62 DQ
P 77                 15 92 28 42
P 78                 50 13 88 71
P 79                 15 22 37 69
P 80                 31 92 69 33
P 81                 87 61 92 24
P 82                 30 65 68 16
P 83                 79 62 14 70
P 84                 75 18 18 21
P 85                 69 95 77 84
P 86                 25 78 70 97
P 87*                37 DQ
P 88                 45 97 54 55
P 89*                76 32 61 79
P 90                 94 89 45 89
P 91                 DQ

166214.66
1.1000
1.1000
1.2000
1.2000
2.1000
2.1000
1.6000
2.1000
1.0000
1.0000
1.3000
1.2000
1.5000
1.5000
1.6000
1.2000
1.9000
1.7000
1.4000
0.6000
1.5000
1.1000
1.4000
1.5000
1.6000
1.6000
1.7000
1.5000
1.3000
1.6000
2.2000
1.1000
1.4000
2.2000
0.7000
1.5000
1.2000
1.5000
2.8000
1.5000
1.2000
1.8000
1.3000
1.5000
1.7000
1.3000
0.9000
1.2000
1.5000
1.9000
1.2000
1.7000
0.8000
1.3000
1.0000
0.8000
1.5000
1.1000
1.1000
1.6000
1.2000
1.7000
1.5000
1.5000
1.4000
1.2000
2.3000
0.6000
1.2000
1.7000
137
P  1                 41 DQ
P  2                 55 DQ
P  3                 71 60 21 53
P  4*                79 95 45 12
P  5                 66 89 82 DQ
P  6                 98 10 89 38
P  7                 49 DQ
P  8                 53 57 DQ
P  9                 95 81 DQ
P 10                 99 DQ
P 11                 DQ
P 12                 80 26 11 72
P 13                 74 83 18 82
P 14                 36 10 75 43
P 15*                51 52 89 46
P 16                 10 82 83 61
P 17                 42 25 28 DQ
P 18*                17 83 17 90
P 19*                41 14 93 21
P 20                 95 82 29 95
P 21*                23 45 83 60
P 22*                46 79 99 18
P 23                 DQ
P 24                 75 46 40 30
P 25                 26 73 92 37
P 26                 15 DQ
P 27                 49 87 59 18
P 28*                45 90 75 14
P 29*                30 24 45 63
P 30*                69 49 20 DQ
P 31*                49 37 91 70
P 32                 97 76 77 47
P 33                 44 48 20 53
P 34                 64 61 51 DQ
P 35                 52 99 17 35
P 36                 64 90 26 25
P 37                 DQ
P 38*                74 51 DQ
P 39                 35 62 81 57
P 40                 64 91 44 40
P 41                 57 40 55 46
P 42                 87 66 96 DQ
P 43                 51 12 88 89
P 44                 86 96 11 59
P 45                 14 63 52 56
P 46                 52 20 83 62
P 47                 80 DQ
P 48                 18 56 64 92
P 49                 58 93 87 89
P 50*                93 75 34 DQ
P 51*                54 38 83 32
P 52                 87 85 30 41
P 53                 28 79 89 27
P 54                 52 81 41 99
P 55*                98 54 71 77
P 56*                72 54 41 DQ
P 57*                81 86 44 84
P 58                 DQ
P 59                 99 21 62 89
P 60                 66 41 66 39
P 61                 34 20 15 49
P 62                 26 69 95 86
P 63*                14 84 99 DQ
P 64                 56 29 87 72
P 65                 77 45 21 30
P 66                 DQ
P 67                 88 78 65 21
P 68                 32 23 74 82
P 69                 42 31 74 20
P 70                 90 DQ
P 71                 DQ
P 72                 10 94 96 82
P 73                 58 78 96 69
P 74                 53 23 99 90
P 75                 59 84 74 DQ
P 76                 66 86 20 23
P 77                 20 43 DQ
P 78*                90 10 76 41
P 79                 15 51 DQ
P 80                 84 91 DQ
P 81*                67 14 92 22
P 82*                61 42 34 13
P 83                 67 71 65 54
P 84                 DQ
P 85                 87 38 27 23
P 86                 67 95 58 88
P 87*                15 40 42 DQ
P 88                 55 34 80 65
P 89                 45 DQ
P 90                 74 58 90 39
P 91                 12 96 74 95
P 92*                12 67 70 34
P 93                 31 17 97 74
P 94*                43 27 DQ
P 95                 26 89 26 49
P 96*                69 32 74 10
P 97                 69 83 48 14
P 98                 83 98 41 87
P 99                 21 25 17 19
P100                 DQ
P101                 48 52 19 21
P102*                16 19 95 62
P103                 99 29 DQ
P104                 17 26 DQ
P105                 73 76 15 86
P106                 DQ
P107*                69 17 38 39
P108*                49 83 72 26
P109                 20 16 30 19
P110                 50 44 98 95
P111*                26 54 93 DQ
P112                 DQ
P113                 98 30 24 22
P114                 83 57 93 22
P115*                17 79 22 99
P116*                43 77 86 DQ
P117*                25 68 78 37
P118                 83 49 13 95
P119                 70 55 62 26
P120                 64 DQ
P121                 DQ
P122                 DQ
P123                 DQ
P124*                70 19 37 DQ
P125*                DQ
P126                 74 97 30 55
P127                 85 67 81 84
P128                 64 51 40 91
P129                 33 DQ
P130                 34 72 60 DQ
P131                 25 76 49 22
P132                 82 DQ
P133                 36 45 24 13
P134*                26 11 93 49
P135*                64 21 40 74
P136*                56 31 54 76
P137                 95 81 92 30

521428.13
1.1000
1.1000
1.3000
2.2000
1.0000
1.7000
0.9000
1.6000
1.5000
1.1000
0.6000
1.3000
1.6000
1.5000
1.5000
1.3000
1.3000
2.0000
2.0000
1.4000
1.2000
2.2000
1.4000
1.2000
1.7000
1.3000
1.5000
1.6000
1.5000
1.2000
1.4000
1.7000
2.0000
1.0000
1.5000
0.8000
1.5000
1.7000
0.7000
2.2000
1.1000
1.2000
1.1000
0.9000
2.6000
1.3000
1.3000
1.4000
1.4000
0.8000
1.9000
1.6000
1.4000
2.4000
1.9000
1.4000
1.1000
1.7000
1.6000
1.9000
0.8000
1.7000
1.3000
1.4000
1.0000
1.1000
1.1000
1.6000
1.2000
1.5000
113
P  1                 13 95 DQ
P  2*                DQ
P  3*                60 DQ
P  4                 43 95 28 DQ
P  5*                85 70 DQ
P  6*                DQ
P  7                 94 80 DQ
P  8                 80 18 DQ
P  9                 DQ
P 10*                97 15 27 97
P 11*                DQ
P 12                 30 17 DQ
P 13                 67 36 72 59
P 14                 99 55 77 17
P 15*                87 57 41 22
P 16                 81 36 53 62
P 17*                26 84 80 96
P 18*                10 68 DQ
P 19                 17 81 10 98
P 20                 86 85 32 41
P 21*                77 69 99 94
P 22                 24 60 81 45
P 23                 91 DQ
P 24                 78 71 73 94
P 25                 71 36 24 DQ
P 26*                99 88 29 60
P 27                 61 55 55 83
P 28                 18 81 63 97
P 29*                DQ
P 30                 10 DQ
P 31                 90 46 98 37
P 32                 45 77 89 18
P 33                 51 68 38 15
P 34                 67 57 42 69
P 35                 84 66 41 97
P 36                 54 58 73 26
P 37*                36 30 14 68
P 38                 63 35 95 36
P 39                 45 DQ
P 40*                66 DQ
P 41*                33 41 23 12
P 42                 16 46 48 17
P 43                 64 57 32 39
P 44                 96 DQ
P 45                 95 DQ
P 46*                DQ
P 47                 24 13 81 40
P 48                 99 84 76 80
P 49*                72 DQ
P 50*                82 41 75 89
P 51                 DQ
P 52                 35 74 78 89
P 53                 74 51 35 55
P 54                 83 93 20 81
P 55*                23 DQ
P 56                 65 42 53 43
P 57                 17 65 63 82
P 58                 65 DQ
P 59*                51 14 79 89
P 60                 54 79 88 40
P 61                 99 97 24 18
P 62                 35 76 19 25
P 63                 56 68 63 35
P 64*                54 24 52 98
P 65                 23 27 37 44
P 66                 27 DQ
P 67*                57 47 34 DQ
P 68*                41 89 83 82
P 69                 71 74 DQ
P 70                 35 49 76 95
P 71*                28 61 55 DQ
P 72                 34 DQ
P 73                 34 12 99 86
P 74                 49 84 70 90
P 75                 48 86 DQ
P 76                 52 42 46 46
P 77                 10 76 68 DQ
P 78                 29 58 58 69
P 79                 68 49 71 77
P 80                 23 27 31 29
P 81                 49 DQ
P 82*                19 68 DQ
P 83*                82 55 90 35
P 84                 12 67 34 24
P 85                 95 56 95 54
P 86                 74 80 DQ
P 87                 88 84 50 82
P 88*                11 12 57 12
P 89*                58 72 17 91
P 90                 33 69 11 11
P 91                 61 DQ
P 92                 81 41 43 DQ
P 93*                27 DQ
P 94*                DQ
P 95                 81 50 49 20
P 96*                56 25 42 84
P 97                 DQ
P 98                 71 15 12 84
P 99                 19 17 22 36
P100*                55 76 71 69
P101                 40 24 42 62
P102*                DQ
P103*                DQ
P104                 41 28 29 54
P105                 61 74 DQ
P106                 19 DQ
P107                 42 58 81 DQ
P108*                57 97 DQ
P109                 48 85 10 37
P110                 11 51 34 86
P111*                51 42 57 99
P112*                58 78 34 99
P113                 95 61 92 59

40900.59
1.2000
1.1000
1.5000
1.3000
0.6000
1.2000
1.2000
1.6000
1.2000
1.4000
1.7000
0.9000
1.7000
1.4000
2.5000
1.2000
1.4000
1.8000
1.0000
2.5000
1.3000
1.3000
1.2000
1.9000
1.3000
1.1000
1.2000
1.6000
1.5000
1.7000
1.3000
1.3000
0.6000
2.1000
1.5000
1.0000
2.0000
1.8000
2.0000
1.1000
0.8000
1.5000
1.5000
2.0000
1.6000
1.7000
1.0000
1.2000
1.8000
1.1000
1.5000
1.0000
1.4000
1.4000
1.9000
1.6000
1.1000
1.3000
2.1000
1.8000
1.2000
1.3000
1.6000
1.6000
1.2000
1.1000
1.7000
1.3000
1.6000
0.9000
32
P  1                 12 86 18 94
P  2*                72 24 85 14
P  3                 19 DQ
P  4                 18 25 84 49
P  5                 DQ
P  6                 76 40 27 11
P  7                 26 48 22 75
P  8                 73 DQ
P  9                 76 16 98 67
P 10                 96 86 14 42
P 11                 20 73 75 17
P 12                 80 91 85 70
P 13*                57 11 39 52
P 14                 25 47 DQ
P 15                 DQ
P 16*                76 62 82 81
P 17                 28 66 22 76
P 18                 DQ
P 19                 44 54 93 62
P 20*                90 68 37 50
P 21                 76 92 45 25
P 22                 91 30 47 98
P 23                 90 72 63 12
P 24                 94 20 99 23
P 25*                10 60 19 45
P 26                 56 21 13 31
P 27                 83 30 44 44
P 28*                86 70 91 48
P 29*                63 74 60 89
P 30                 35 76 76 55
P 31                 61 38 31 DQ
P 32                 21 57 DQ

806703.10
1.9000
1.2000
0.8000
1.7000
1.5000
1.5000
1.4000
1.3000
0.4000
1.8000
1.7000
1.5000
1.5000
1.5000
1.2000
1.8000
1.6000
1.8000
2.5000
1.9000
1.3000
1.0000
1.2000
2.1000
0.6000
0.9000
1.7000
0.8000
2.0000
0.9000
1.2000
1.7000
1.1000
1.0000
1.3000
1.1000
2.0000
1.6000
1.7000
1.5000
1.2000
1.3000
1.4000
1.7000
1.7000
1.7000
1.6000
0.9000
2.0000
0.8000
1.5000
1.4000
0.9000
1.6000
1.2000
0.8000
1.9000
1.6000
1.7000
1.3000
1.0000
1.4000
1.4000
1.6000
1.1000
0.9000
1.8000
1.7000
2.5000
1.2000
64
P  1                 63 42 74 50
P  2                 18 79 DQ
P  3*                57 83 48 59
P  4                 DQ
P  5                 94 40 18 37
P  6*                11 47 75 60
P  7                 10 77 17 24
P  8                 88 77 35 13
P  9                 20 20 70 17
P 10                 24 44 97 21
P 11                 48 88 89 62
P 12*                62 86 DQ
P 13                 81 77 52 33
P 14*                67 70 36 76
P 15                 65 86 36 DQ
P 16                 28 59 99 14
P 17*                56 21 26 DQ
P 18*                79 DQ
P 19                 67 72 41 15
P 20                 56 15 81 60
P 21                 48 86 31 51
P 22                 82 10 DQ
P 23                 24 86 69 99
P 24                 15 72 44 14
P 25*                90 34 97 20
P 26*                20 85 46 51
P 27                 31 85 88 98
P 28                 17 99 17 97
P 29*                57 85 59 19
P 30*                58 37 49 14
P 31                 35 59 DQ
P 32*                89 83 89 50
P 33                 35 DQ
P 34*                79 99 DQ
P 35                 70 10 13 61
P 36*                51 87 48 90
P 37                 40 26 19 21
P 38                 72 71 63 23
P 39                 75 78 54 35
P 40                 57 75 67 16
P 41                 27 36 30 32
P 42                 83 33 84 77
P 43*                DQ
P 44*                28 DQ
P 45*                26 37 DQ
P 46*                26 31 55 32
P 47                 28 17 23 77
P 48*                57 46 19 45
P 49                 34 87 95 80
P 50                 45 66 12 13
P 51                 19 21 91 45
P 52                 99 90 50 59
P 53                 92 64 77 47
P 54                 DQ
P 55                 55 10 21 81
P 56                 62 43 46 80
P 57                 41 70 87 DQ
P 58                 87 38 29 28
P 59                 40 68 23 DQ
P 60                 60 75 DQ
P 61                 72 37 31 10
P 62                 91 46 DQ
P 63                 92 56 53 85
P 64                 94 50 79 37

79847.03
2.1000
1.7000
0.9000
1.2000
0.8000
1.6000
1.3000
1.0000
2.7000
1.3000
1.7000
1.3000
2.1000
1.4000
1.1000
1.7000
1.8000
1.3000
1.4000
1.6000
1.2000
0.9000
2.1000
1.2000
1.5000
1.3000
1.8000
1.6000
1.2000
1.7000
1.0000
0.7000
1.1000
1.0000
1.4000
1.4000
1.5000
1.2000
2.0000
2.1000
1.1000
1.7000
1.9000
1.0000
1.4000
1.1000
1.2000
1.3000
1.5000
1.4000
1.3000
1.2000
2.0000
1.2000
1.8000
1.4000
1.9000
1.7000
1.6000
1.4000
0.9000
1.9000
1.3000
1.2000
1.0000
1.7000
1.4000
1.4000
1.0000
1.2000
43
P  1                 82 71 DQ
P  2                 47 43 90 25
P  3                 DQ
P  4                 29 14 80 93
P  5                 57 94 30 20
P  6                 91 18 91 DQ
P  7                 67 62 20 35
P  8*                15 86 25 30
P  9                 12 DQ
P 10                 18 13 95 68
P 11                 36 93 72 80
P 12*                47 69 73 41
P 13                 44 95 DQ
P 14                 55 83 DQ
P 15*                81 DQ
P 16                 85 DQ
P 17                 58 64 16 42
P 18*                39 DQ
P 19                 76 41 48 99
P 20*                34 98 DQ
P 21                 30 63 DQ
P 22                 DQ
P 23                 55 13 70 65
P 24                 20 76 15 99
P 25                 31 71 31 15
P 26                 26 83 34 61
P 27                 97 56 77 47
P 28                 DQ
P 29*                75 70 97 82
P 30                 81 84 70 85
P 31*                86 90 52 81
P 32                 69 DQ
P 33*                27 79 96 23
P 34                 94 48 42 DQ
P 35*                DQ
P 36                 36 30 DQ
P 37                 79 85 60 49
P 38                 79 31 54 49
P 39                 DQ
P 40                 12 12 12 DQ
P 41                 30 10 82 83
P 42                 DQ
P 43                 68 61 56 74

145836.15
1.2000
1.6000
0.9000
1.0000
1.3000
1.0000
1.7000
1.5000
1.8000
1.3000
1.6000
1.1000
1.4000
1.3000
0.9000
1.0000
1.5000
0.9000
1.4000
1.9000
1.5000
1.2000
1.3000
1.5000
1.2000
1.3000
1.5000
0.7000
0.9000
1.5000
1.6000
1.4000
2.3000
2.5000
1.8000
0.9000
2.2000
1.5000
1.2000
1.8000
1.5000
2.4000
1.9000
1.1000
1.2000
1.3000
1.5000
1.7000
1.8000
1.7000
1.6000
1.3000
0.8000
1.4000
1.7000
0.4000
1.3000
0.7000
1.7000
1.7000
1.3000
2.0000
1.8000
1.0000
2.0000
1.5000
1.2000
1.3000
1.6000
1.5000
101
P  1                 DQ
P  2                 93 39 91 99
P  3                 25 62 58 60
P  4                 70 66 91 45
P  5                 99 75 DQ
P  6*                DQ
P  7                 13 77 97 45
P  8                 56 29 DQ
P  9                 35 56 13 73
P 10                 50 85 DQ
P 11                 37 10 43 59
P 12                 81 77 DQ
P 13                 14 51 DQ
P 14                 14 33 57 94
P 15                 DQ
P 16*                49 75 64 23
P 17                 10 68 72 42
P 18                 37 88 15 52
P 19                 72 96 DQ
P 20                 DQ
P 21                 26 20 99 68
P 22                 92 44 38 11
P 23                 16 71 DQ
P 24                 63 38 26 75
P 25                 47 39 DQ
P 26                 DQ
P 27                 64 78 43 70
P 28                 84 50 43 68
P 29                 85 70 98 64
P 30                 DQ
P 31                 55 25 71 22
P 32                 36 24 53 16
P 33                 39 34 74 96
P 34                 47 14 32 24
P 35                 83 86 63 38
P 36                 19 64 35 83
P 37                 35 39 80 60
P 38                 58 54 76 DQ
P 39                 83 27 24 68
P 40                 93 68 94 21
P 41                 91 24 45 62
P 42                 90 44 55 59
P 43                 47 57 40 14
P 44                 60 49 72 90
P 45                 77 28 46 39
P 46                 93 76 74 81
P 47*                89 62 75 54
P 48                 48 10 70 56
P 49                 98 32 49 32
P 50                 46 43 DQ
P 51                 14 71 55 17
P 52                 17 38 92 32
P 53                 54 50 69 35
P 54                 30 64 61 49
P 55*                23 26 38 DQ
P 56                 92 39 65 42
P 57                 11 36 50 77
P 58*                91 DQ
P 59*                40 DQ
P 60                 83 18 33 70
P 61*                87 91 98 36
P 62*                38 52 67 24
P 63                 16 74 79 85
P 64                 48 38 42 11
P 65*                56 71 12 87
P 66                 83 65 27 58
P 67                 DQ
P 68                 25 28 91 26
P 69*                DQ
P 70                 86 49 80 18
P 71*                53 94 67 85
P 72                 DQ
P 73                 78 59 DQ
P 74*                27 28 10 21
P 75                 91 95 DQ
P 76                 69 38 63 88
P 77                 67 48 42 DQ
P 78                 62 93 89 27
P 79*                34 40 34 78
P 80                 41 76 88 88
P 81                 30 DQ
P 82                 95 86 DQ
P 83                 37 62 29 46
P 84                 24 DQ
P 85                 19 DQ
P 86                 65 DQ
P 87*                72 33 24 DQ
P 88                 17 23 32 84
P 89*                89 49 10 81
P 90                 79 DQ
P 91                 42 98 66 67
P 92                 37 21 DQ
P 93                 24 73 95 37
P 94                 18 56 82 28
P 95*                DQ
P 96                 76 61 38 88
P 97                 DQ
P 98*                56 22 85 11
P 99                 DQ
P100                 79 20 DQ
P101*                61 80 47 49

340921.37
1.0000
1.6000
1.1000
1.5000
1.4000
1.7000
1.9000
2.0000
1.4000
1.6000
1.6000
1.6000
1.7000
1.8000
0.8000
1.4000
1.0000
1.4000
1.6000
2.4000
2.0000
1.8000
1.2000
0.5000
1.4000
1.3000
0.8000
1.4000
1.2000
1.7000
1.3000
1.9000
0.8000
1.2000
2.3000
1.0000
1.2000
1.2000
1.0000
1.3000
1.4000
1.2000
1.5000
2.0000
2.0000
1.8000
1.2000
1.1000
1.8000
1.3000
1.3000
1.9000
1.0000
0.8000
2.2000
1.0000
1.2000
1.6000
1.8000
1.5000
1.3000
1.0000
0.8000
1.7000
1.3000
1.8000
1.1000
1.5000
1.6000
1.3000
139
P  1*                43 19 34 38
P  2*                DQ
P  3                 30 DQ
P  4                 51 51 44 81
P  5*                84 62 32 38
P  6                 47 27 49 88
P  7                 70 47 90 16
P  8*                93 50 63 70
P  9                 24 59 38 49
P 10*                25 35 16 16
P 11                 38 61 46 DQ
P 12                 94 25 46 34
P 13                 62 10 DQ
P 14                 18 DQ
P 15                 86 99 42 63
P 16                 55 42 12 96
P 17                 82 62 23 16
P 18                 24 89 DQ
P 19                 51 36 64 43
P 20                 38 76 69 86
P 21*                10 DQ
P 22                 17 67 87 36
P 23                 DQ
P 24                 38 38 80 77
P 25                 DQ
P 26                 42 DQ
P 27*                94 46 19 69
P 28                 18 39 35 17
P 29                 97 86 97 69
P 30*                11 83 27 46
P 31                 13 64 89 DQ
P 32                 75 92 19 20
P 33                 17 DQ
P 34                 DQ
P 35*                43 71 53 72
P 36                 15 79 59 41
P 37                 86 38 88 39
P 38*                99 16 11 95
P 39                 64 28 14 17
P 40                 32 74 40 41
P 41*                27 89 58 62
P 42                 44 47 41 50
P 43                 40 62 22 92
P 44                 96 66 74 40
P 45                 49 18 77 20
P 46                 56 99 41 73
P 47*                41 78 DQ
P 48                 58 61 81 62
P 49                 32 53 14 47
P 50                 99 98 DQ
P 51                 66 DQ
P 52                 30 31 75 14
P 53*                66 15 DQ
P 54                 19 63 50 DQ
P 55                 29 DQ
P 56                 DQ
P 57                 63 42 DQ
P 58*                DQ
P 59                 77 82 99 46
P 60*                55 98 99 72
P 61                 DQ
P 62                 52 68 46 DQ
P 63                 73 46 DQ
P 64                 45 67 25 89
P 65*                53 44 59 75
P 66                 48 53 37 78
P 67*                76 39 99 23
P 68                 77 87 DQ
P 69                 74 85 DQ
P 70*                56 80 28 75
P 71*                20 85 42 47
P 72                 98 77 25 21
P 73                 97 DQ
P 74                 68 82 94 19
P 75*                30 71 32 DQ
P 76                 63 61 29 60
P 77*                46 78 54 55
P 78                 49 90 78 43
P 79*                65 39 35 56
P 80                 84 84 25 42
P 81*                41 DQ
P 82                 51 26 90 90
P 83*                56 50 DQ
P 84*                58 DQ
P 85*                87 DQ
P 86                 37 DQ
P 87*                33 DQ
P 88                 64 75 15 11
P 89                 19 77 28 DQ
P 90*                56 38 77 85
P 91                 16 63 51 20
P 92*                DQ
P 93                 53 70 66 DQ
P 94                 52 36 39 18
P 95                 93 72 67 19
P 96                 30 18 DQ
P 97                 88 77 14 91
P 98                 79 16 24 65
P 99                 38 68 41 44
P100                 52 44 61 43
P101                 61 98 90 97
P102*                72 88 93 42
P103                 70 25 19 30
P104*                30 31 85 33
P105                 90 70 DQ
P106                 20 29 13 84
P107                 62 81 DQ
P108                 14 42 10 29
P109                 13 67 46 62
P110                 43 90 23 95
P111                 76 96 44 42
P112                 59 58 67 72
P113                 DQ
P114                 27 51 14 32
P115*                97 61 29 DQ
P116                 92 25 18 19
P117*                43 81 91 97
P118                 12 91 15 70
P119                 89 12 33 19
P120                 96 55 93 89
P121                 50 23 38 63
P122                 14 82 86 98
P123                 17 36 49 93
P124*                DQ
P125                 19 99 40 22
P126                 87 38 21 71
P127                 14 40 60 57
P128                 66 DQ
P129*                89 63 64 10
P130                 49 DQ
P131*                93 DQ
P132                 DQ
P133                 14 31 51 26
P134*                58 60 DQ
P135*                87 DQ
P136                 21 37 43 87
P137                 67 45 23 13
P138*                81 94 DQ
P139                 92 30 73 DQ

914245.87
0.8000
0.8000
0.7000
2.0000
1.8000
1.4000
0.9000
1.1000
1.3000
1.7000
1.4000
1.5000
1.7000
1.4000
1.1000
1.4000
0.9000
1.8000
1.1000
2.2000
1.6000
1.7000
1.3000
1.6000
1.6000
0.8000
1.0000
2.1000
1.5000
1.0000
2.1000
1.5000
1.3000
2.0000
2.5000
1.2000
1.4000
1.6000
1.5000
1.8000
2.1000
1.2000
1.3000
0.9000
1.1000
1.2000
1.6000
1.0000
0.9000
1.2000
2.1000
1.5000
1.2000
1.2000
1.0000
1.4000
1.3000
1.5000
1.3000
1.8000
1.5000
1.5000
1.4000
1.8000
1.9000
1.2000
0.9000
1.6000
1.4000
1.9000
8
P  1                 30 69 92 10
P  2                 56 99 29 DQ
P  3                 DQ
P  4*                57 DQ
P  5                 53 71 41 26
P  6                 43 23 58 59
P  7                 88 41 18 49
P  8                 58 DQ

371327.50
1.9000
1.2000
1.4000
2.1000
1.4000
1.3000
1.5000
1.5000
1.2000
1.4000
0.7000
1.4000
1.4000
0.7000
2.2000
1.6000
1.1000
1.7000
0.7000
1.2000
1.7000
1.9000
1.4000
1.1000
1.3000
2.3000
1.3000
1.8000
2.0000
1.0000
1.3000
1.3000
1.6000
1.7000
1.1000
1.3000
1.7000
1.5000
2.1000
1.5000
0.9000
1.9000
2.1000
2.7000
1.6000
1.1000
1.7000
0.4000
1.1000
1.1000
1.1000
0.8000
1.1000
1.4000
1.6000
1.6000
1.3000
1.6000
1.4000
2.1000
1.4000
0.6000
1.5000
1.7000
1.4000
1.5000
1.2000
1.7000
1.2000
0.7000
144
P  1*                49 77 57 64
P  2                 DQ
P  3*                55 72 33 14
P  4                 66 15 13 DQ
P  5                 97 27 73 27
P  6*                DQ
P  7                 52 75 54 29
P  8*                86 72 69 31
P  9                 31 17 41 30
P 10                 50 DQ
P 11                 83 79 DQ
P 12                 62 95 DQ
P 13                 14 45 74 18
P 14                 65 68 56 35
P 15*                DQ
P 16                 65 64 11 94
P 17*                60 44 DQ
P 18*                74 39 31 31
P 19                 39 29 53 DQ
P 20                 DQ
P 21                 87 93 54 94
P 22                 94 50 30 32
P 23                 15 29 48 73
P 24                 34 92 11 94
P 25                 27 DQ
P 26                 86 48 46 DQ
P 27                 68 93 92 36
P 28*                47 DQ
P 29                 92 79 98 66
P 30*                64 69 98 83
P 31*                13 63 DQ
P 32                 78 42 11 16
P 33                 47 69 60 DQ
P 34                 89 27 91 39
P 35                 40 56 71 96
P 36                 59 18 30 99
P 37                 21 45 53 DQ
P 38                 DQ
P 39*                32 33 49 99
P 40*                57 81 87 DQ
P 41                 98 21 45 24
P 42                 44 21 95 43
P 43                 82 70 91 30
P 44                 69 21 DQ
P 45*                12 43 29 58
P 46                 69 13 68 73
P 47*                43 48 39 97
P 48                 70 10 52 63
P 49                 81 DQ
P 50                 99 92 43 88
P 51                 83 86 84 54
P 52*                25 85 37 46
P 53                 79 52 24 22
P 54                 13 59 62 37
P 55                 87 46 78 57
P 56                 85 43 90 91
P 57*                19 11 88 DQ
P 58                 42 28 13 14
P 59                 83 86 57 70
P 60*                60 26 20 18
P 61                 96 41 85 67
P 62                 73 48 75 51
P 63                 DQ
P 64                 32 DQ
P 65                 78 42 99 25
P 66                 DQ
P 67                 57 64 11 37
P 68                 65 94 66 45
P 69*                13 DQ
P 70                 14 94 96 43
P 71                 90 DQ
P 72                 72 77 97 60
P 73                 26 80 58 39
P 74*                44 73 87 11
P 75*                53 80 10 70
P 76*                DQ
P 77*                22 12 79 97
P 78*                18 95 66 48
P 79                 54 83 DQ
P 80                 31 98 44 43
P 81                 45 54 55 28
P 82                 75 27 24 29
P 83                 12 23 71 38
P 84*                52 80 59 DQ
P 85                 45 96 DQ
P 86                 36 22 31 70
P 87                 20 73 95 10
P 88                 24 84 51 51
P 89                 47 38 DQ
P 90*                44 29 58 33
P 91                 59 12 65 42
P 92                 26 86 55 71
P 93                 61 71 21 DQ
P 94                 70 72 73 56
P 95                 22 38 55 58
P 96                 DQ
P 97                 63 12 72 36
P 98                 67 56 57 21
P 99                 48 68 26 52
P100                 DQ
P101                 35 79 27 18
P102                 91 48 85 85
P103                 77 45 10 30
P104                 15 95 32 DQ
P105                 37 23 37 71
P106                 56 42 20 36
P107                 88 58 63 59
P108                 81 DQ
P109*                19 DQ
P110                 67 22 76 18
P111                 80 DQ
P112                 DQ
P113                 15 54 DQ
P114                 40 99 88 70
P115*                74 44 79 17
P116                 84 61 32 27
P117                 33 91 50 51
P118                 89 11 97 49
P119*                60 29 90 55
P120                 62 75 80 78
P121                 73 49 62 57
P122                 95 82 27 55
P123                 18 17 80 83
P124                 29 65 69 DQ
P125                 14 34 41 90
P126                 17 63 DQ
P127                 46 80 65 97
P128                 93 50 68 DQ
P129                 14 95 84 21
P130                 36 35 42 69
P131                 34 99 71 63
P132*                32 86 50 51
P133*                36 42 47 16
P134                 39 70 74 54
P135                 99 56 59 54
P136                 57 95 83 39
P137*                41 35 76 97
P138                 DQ
P139                 61 DQ
P140                 99 47 50 86
P141                 81 97 33 17
P142*                DQ
P143                 88 50 DQ
P144                 48 11 73 DQ

26474.60
1.2000
1.6000
1.7000
1.7000
1.7000
1.2000
1.1000
1.4000
1.4000
1.6000
1.8000
0.9000
1.7000
0.7000
1.1000
2.0000
2.3000
1.2000
1.9000
1.3000
1.1000
1.2000
1.5000
1.4000
1.4000
1.2000
1.7000
2.1000
0.9000
0.7000
1.7000
1.0000
1.8000
1.8000
1.2000
2.2000
1.6000
2.1000
0.9000
1.0000
1.0000
1.9000
1.2000
1.3000
1.7000
1.7000
1.1000
1.1000
0.5000
1.6000
1.2000
1.4000
1.9000
1.9000
2.7000
1.1000
1.1000
1.1000
1.5000
1.6000
0.9000
1.4000
1.5000
1.6000
1.1000
1.6000
1.2000
1.2000
1.0000
1.9000
72
P  1                 DQ
P  2                 84 42 37 85
P  3                 DQ
P  4*                11 95 45 62
P  5                 DQ
P  6                 DQ
P  7*                85 65 64 44
P  8                 38 82 83 44
P  9                 DQ
P 10                 87 49 46 36
P 11                 80 80 51 68
P 12                 16 59 86 49
P 13                 97 DQ
P 14                 39 12 17 20
P 15                 53 72 68 25
P 16*                83 DQ
P 17                 19 88 61 22
P 18                 DQ
P 19                 64 26 22 52
P 20                 76 17 37 15
P 21*                45 29 99 29
P 22                 67 28 64 93
P 23                 64 96 58 21
P 24                 47 17 86 24
P 25                 DQ
P 26*                79 54 DQ
P 27                 94 39 96 15
P 28                 63 71 DQ
P 29*                63 DQ
P 30                 10 17 43 21
P 31*                14 32 DQ
P 32*                84 17 90 14
P 33                 64 97 86 DQ
P 34                 41 29 83 11
P 35*                73 57 30 59
P 36                 11 86 45 DQ
P 37                 30 95 45 53
P 38*                36 27 67 28
P 39                 48 76 51 84
P 40                 81 58 60 72
P 41*                99 69 94 42
P 42                 85 22 71 41
P 43                 71 22 27 DQ
P 44*                13 65 25 85
P 45                 79 36 74 69
P 46                 40 68 14 89
P 47                 68 13 34 79
P 48                 96 52 30 39
P 49*                12 93 27 22
P 50                 14 20 29 69
P 51                 97 70 71 18
P 52                 37 97 16 75
P 53*                11 73 77 52
P 54*                84 87 99 DQ
P 55*                33 72 76 49
P 56                 56 32 20 41
P 57                 70 71 75 14
P 58*                65 95 DQ
P 59                 DQ
P 60*                68 46 11 64
P 61*                36 DQ
P 62                 76 93 27 54
P 63*                25 96 DQ
P 64                 12 92 DQ
P 65                 DQ
P 66                 44 69 30 62
P 67                 77 55 68 40
P 68                 42 50 94 77
P 69*                21 52 34 26
P 70                 96 20 34 21
P 71                 35 66 67 15
P 72                 19 22 20 89

392668.87
1.5000
1.3000
1.3000
2.0000
1.7000
1.5000
1.3000
1.3000
1.4000
1.8000
2.3000
1.3000
1.4000
1.5000
1.2000
1.5000
1.5000
2.4000
1.8000
1.8000
0.5000
1.2000
1.5000
1.6000
0.7000
0.7000
1.8000
1.7000
1.1000
1.2000
1.4000
1.2000
1.8000
1.1000
1.8000
0.9000
1.4000
1.5000
1.1000
1.5000
2.1000
1.0000
0.9000
1.8000
1.7000
1.3000
0.7000
1.7000
0.9000
1.8000
1.1000
1.9000
0.9000
1.9000
2.3000
1.3000
2.1000
1.0000
1.2000
1.0000
2.2000
1.4000
1.1000
2.1000
1.5000
1.0000
0.9000
1.4000
1.1000
1.2000
74
P  1                 16 31 71 78
P  2                 79 97 83 95
P  3                 78 78 28 62
P  4                 75 27 65 32
P  5*                15 39 24 78
P  6*                14 67 98 80
P  7*                98 32 34 11
P  8                 59 12 62 18
P  9                 22 71 77 81
P 10                 19 33 19 87
P 11                 68 92 16 DQ
P 12*                62 55 67 DQ
P 13                 82 DQ
P 14                 39 34 DQ
P 15*                22 76 57 24
P 16                 82 44 26 DQ
P 17*                70 18 38 43
P 18                 DQ
P 19*                DQ
P 20                 DQ
P 21                 49 94 53 DQ
P 22                 14 12 91 60
P 23                 16 87 56 DQ
P 24                 34 31 25 DQ
P 25                 67 26 94 94
P 26                 79 DQ
P 27                 76 98 66 19
P 28*                DQ
P 29                 93 19 34 43
P 30                 59 DQ
P 31*                36 42 15 97
P 32                 57 80 68 64
P 33*                20 63 DQ
P 34                 23 13 83 29
P 35*                23 63 75 35
P 36                 68 76 16 93
P 37*                DQ
P 38*                98 72 32 85
P 39                 95 52 84 10
P 40                 85 DQ
P 41                 26 DQ
P 42                 13 53 31 41
P 43                 25 52 29 72
P 44                 19 73 90 DQ
P 45                 47 71 24 15
P 46                 DQ
P 47                 93 91 34 59
P 48                 32 DQ
P 49                 27 97 51 31
P 50*                55 50 50 DQ
P 51                 55 22 45 80
P 52*                23 44 71 59
P 53                 10 DQ
P 54                 DQ
P 55                 DQ
P 56                 42 57 13 64
P 57                 99 81 28 34
P 58                 95 47 61 36
P 59                 DQ
P 60                 35 73 16 DQ
P 61                 64 20 70 71
P 62                 57 35 95 68
P 63                 94 74 15 DQ
P 64                 23 79 94 87
P 65*                19 44 DQ
P 66                 26 95 68 29
P 67                 DQ
P 68                 39 67 92 79
P 69                 73 74 91 48
P 70                 56 DQ
P 71                 88 20 16 76
P 72*                68 38 29 55
P 73*                80 85 76 19
P 74                 65 40 96 26

204424.12
1.2000
1.0000
0.8000
1.5000
0.7000
1.1000
1.9000
2.0000
0.9000
1.7000
2.1000
1.3000
1.3000
1.2000
1.0000
1.5000
0.7000
1.1000
1.2000
1.2000
1.9000
1.8000
1.8000
1.3000
1.3000
0.8000
1.3000
1.6000
1.5000
1.5000
1.2000
1.5000
1.8000
1.6000
1.6000
1.2000
1.2000
1.6000
1.2000
0.9000
1.3000
2.9000
1.4000
1.1000
2.0000
1.4000
1.6000
1.8000
1.6000
2.0000
2.1000
1.2000
1.4000
1.4000
1.1000
1.7000
2.7000
1.2000
1.2000
1.4000
1.2000
1.1000
1.3000
1.4000
1.5000
1.6000
1.6000
0.7000
1.9000
1.2000
89
P  1*                40 58 DQ
P  2*                41 39 45 38
P  3*                24 57 33 16
P  4                 18 10 70 34
P  5                 45 36 54 25
P  6                 67 14 19 99
P  7                 66 58 DQ
P  8                 60 17 92 26
P  9                 DQ
P 10                 36 39 DQ
P 11                 73 48 46 80
P 12                 46 77 79 DQ
P 13                 13 94 61 72
P 14                 46 43 11 97
P 15*                43 44 29 59
P 16                 39 47 90 72
P 17                 11 98 41 60
P 18*                28 31 49 78
P 19*                73 24 69 78
P 20                 50 76 20 85
P 21*                51 21 DQ
P 22                 53 27 30 55
P 23                 69 45 64 DQ
P 24*                91 91 35 40
P 25                 DQ
P 26*                50 42 77 82
P 27                 89 71 90 42
P 28                 30 80 26 19
P 29                 62 92 75 19
P 30                 69 16 54 DQ
P 31                 10 59 59 41
P 32                 58 34 61 91
P 33                 28 35 42 66
P 34*                20 75 20 86
P 35                 65 47 DQ
P 36*                15 47 77 69
P 37                 DQ
P 38                 33 62 76 82
P 39                 92 11 57 96
P 40                 78 14 29 41
P 41                 89 36 47 10
P 42                 35 71 97 50
P 43                 17 77 57 DQ
P 44*                91 15 22 54
P 45                 53 94 84 67
P 46                 DQ
P 47                 71 24 DQ
P 48                 98 63 DQ
P 49*                13 84 24 64
P 50*                42 96 45 86
P 51*                28 81 67 DQ
P 52                 48 87 69 17
P 53*                83 85 64 18
P 54                 54 44 34 99
P 55                 28 17 65 84
P 56                 36 45 19 42
P 57                 59 57 39 13
P 58                 27 39 42 56
P 59                 78 92 88 14
P 60                 83 51 88 36
P 61*                36 30 DQ
P 62                 51 77 75 85
P 63                 77 18 40 83
P 64                 86 32 81 94
P 65                 24 35 DQ
P 66                 87 80 30 62
P 67                 32 51 51 71
P 68                 55 53 97 44
P 69                 69 44 33 55
P 70                 92 73 25 17
P 71                 34 72 82 12
P 72                 39 59 87 83
P 73*                63 58 99 50
P 74                 82 84 59 88
P 75*                25 78 63 60
P 76                 17 46 11 59
P 77                 62 32 63 65
P 78                 39 39 83 25
P 79                 22 29 14 95
P 80                 11 48 26 52
P 81                 10 23 16 60
P 82                 23 50 81 21
P 83                 79 19 88 86
P 84                 15 49 23 63
P 85*                44 75 31 63
P 86*                63 54 64 38
P 87                 DQ
P 88                 91 DQ
P 89                 91 DQ
