4
2 -4 6 9

15
-3 -10 7 9 0 7 5 -9 5 0 2 -6 1 -2 -9

13
5 -2 -9 -2 9 -6 0 4 -8 -8 -7 -4 8

13
1 -8 -10 -4 -10 -1 -10 3 -2 4 -7 10 6

15
-3 8 7 -9 -7 7 -1 10 -10 7 3 -10 9 5 -4

6
5 6 6 3 10 4

17
10 -4 -1 1 -3 -2 -3 -10 3 -8 6 4 -5 2 -10 -6 0

12
6 1 3 -2 7 -4 -8 2 -9 3 1 3

7
-1 10 -7 10 -6 0 -6

10
-8 -4 9 5 1 -2 5 4 8 2

16
-2 -8 5 -7 -1 7 3 -2 -1 -8 -9 -9 1 9 -7 -2

9
3 3 -5 3 9 -9 -3 -2 -1

3
10 -5 2

4
1 2 -10 4

13
5 -3 -3 -9 -1 -4 -7 8 -6 -4 -7 -6 7

15
-2 -1 1 -3 5 9 7 5 6 10 -6 -9 0 6 -9

18
5 6 -3 -9 7 4 -3 10 -1 -1 -7 2 3 10 -4 9 -3 7

13
10 3 -10 4 -2 10 6 -1 -3 1 0 -3 -5

16
4 -6 10 -3 1 8 6 8 -10 -4 -1 9 2 -3 -7 -4

6
-8 7 1 4 -6 -2

13
1 4 10 9 -10 -7 -9 5 -5 -10 10 5 8

3
2 7 8

10
5 -1 -4 8 3 7 10 -1 -2 3

9
4 10 -9 -3 7 10 -2 10 -10

7
-5 9 8 8 7 1 -1

9
-2 0 -5 5 6 -10 -5 0 10

9
6 0 -6 0 -3 -7 7 -7 -8

18
-9 -10 -10 -4 10 9 -7 4 -3 0 -6 4 8 -1 -2 1 -3 2

5
-4 -7 7 4 -2

1
-10

4
-9 -9 2 -9

12
2 -8 -4 1 -10 -3 -6 -3 8 -4 9 5

17
-5 -4 10 7 -5 -7 10 -9 5 -5 -4 5 5 -3 5 -4 -2

6
6 -2 -7 -5 -2 0

2
4 -3

18
0 -10 -4 5 -4 -4 1 1 -3 1 0 -8 4 6 5 -2 -10 -1

4
-3 -4 -4 5

13
1 -9 9 8 3 -6 1 -8 -6 6 8 0 10

18
9 -4 7 -4 -2 -1 -8 -7 7 -10 0 -3 -3 6 3 -10 -6 -7

2
-9 9

16
-5 0 4 -1 -7 -1 7 -8 6 3 -4 0 9 3 9 9

18
4 8 -7 -10 -6 10 1 -8 -9 4 -9 -10 0 3 -5 10 -3 2

7
4 -4 -10 -1 7 -3 10

18
10 8 0 3 1 -3 6 -1 0 3 10 2 3 1 4 3 -9 -4

17
9 1 -2 10 -5 3 10 2 -1 -6 1 -8 -7 -3 3 4 6

12
0 -5 -3 -10 -6 10 3 6 1 -4 7 7

6
5 -4 -2 2 -1 -10

10
9 0 6 0 0 8 5 -10 1 0

17
9 5 -5 10 10 -6 0 3 5 6 -1 0 6 -9 4 -6 4

7
-6 -7 9 2 7 -2 -10

1
-8

10
-7 3 9 10 -5 -8 7 -6 -4 -3

12
10 -10 -7 -3 7 -7 -10 9 7 -10 -8 8

2
3 4

12
3 -4 -5 1 -3 8 -2 -6 -9 0 -9 -5

17
-4 -10 3 -4 -9 10 -10 -6 8 9 9 8 10 6 5 2 -2

18
-8 2 -6 1 7 -10 9 -10 -9 -2 10 -6 -8 -5 -8 5 0 -6

2
0 -4

8
-3 -5 -2 -4 9 -10 6 -6

16
6 4 -9 -4 -2 10 -5 -1 9 3 -4 -9 3 0 -7 -2

3
-3 -10 -3

13
0 4 7 6 8 3 4 1 6 1 -4 -1 1

9
8 -2 4 -6 -3 -6 0 -2 8

9
-1 -5 7 5 -7 -6 -4 1 6

7
-5 2 3 9 -10 -2 0

17
6 -10 6 1 -2 -1 3 3 1 -10 9 -2 9 -2 3 5 -8

15
7 -4 -5 1 -4 0 -8 7 -4 -8 -7 6 -3 9 4

7
-3 -10 -3 10 1 9 10

2
-4 8

8
8 3 6 1 -3 -9 4 8

8
-9 8 -7 -2 9 -4 -9 -7

12
4 -6 -1 2 -1 -4 -8 -3 -4 0 4 -7

4
-1 4 9 8

11
8 2 7 -8 3 5 -6 9 1 -2 -10

3
1 2 6

4
-7 -5 -6 -7

14
0 2 -9 1 5 0 -5 2 -2 -6 -1 8 -10 0

9
3 4 -3 -7 -9 -5 6 0 7

16
-4 8 2 0 -10 -8 8 2 -7 -4 -5 2 1 5 10 3

8
5 4 1 -8 -6 -6 -1 -4

11
2 10 4 -2 -2 10 -5 -10 -3 -6 -10

18
4 -9 -1 9 3 10 3 0 1 3 -6 -6 -7 -3 -4 -4 4 2

11
-4 1 -9 2 8 -9 8 6 -4 -9 4

4
3 5 8 2

12
5 -8 6 -5 5 -10 -3 7 -5 4 -8 9

1
0

6
3 1 5 0 0 2

7
7 1 7 -7 -7 1 -10

2
7 3

6
3 9 -4 3 -7 -8

11
7 -8 4 9 2 7 1 -9 1 9 1

10
-9 -5 -1 6 -2 0 -6 -4 -9 -9

7
5 2 6 9 -8 7 -9

1
4

5
1 0 4 -5 -10

13
4 7 -7 2 6 -3 -10 1 5 -1 5 10 0

18
7 -8 -5 0 -10 -5 -4 10 -8 8 -9 2 -3 5 7 -5 -3 -1

6
-2 -10 5 5 10 -7

6
-2 7 -3 6 0 -9

4
4 1 6 9
