100
11
18 31 36 36 38 17 42 40 3 28 37
3
40 42 28
8
30 3 3 27 20 30 17 33
9
11 2 44 39 0 25 17 24 25
12
4 38 3 21 47 26 31 46 1 10 12 31
11
37 3 19 4 27 27 26 30 3 27 50
10
33 40 43 27 20 45 2 2 40 21
15
14 49 16 27 9 49 12 3 19 14 35 35 6 50 9
3
14 10 50
3
6 26 29
14
27 39 44 20 36 12 33 42 31 46 35 32 17 27
7
27 30 18 17 39 33 13
9
50 19 40 23 24 1 18 20 43
10
28 12 4 35 42 24 11 5 25 42
7
48 20 19 38 30 19 31
4
7 1 2 11
10
39 43 31 6 35 36 47 45 40 48
8
18 40 31 27 19 42 20 12
5
2 23 22 31 5
3
10 35 20
15
40 44 8 40 11 30 37 20 12 28 10 29 5 24 1
6
27 29 12 12 27 5
3
39 2 38
13
2 23 36 15 37 7 43 19 31 14 1 26 6
10
44 32 13 17 12 11 22 31 7 10
4
39 13 40 43
13
34 21 8 26 28 50 7 49 3 29 22 13 35
11
21 30 24 29 7 27 9 13 13 23 17
3
47 24 43
9
33 16 48 8 39 15 16 9 28
5
41 50 18 33 13
15
9 6 4 20 9 49 41 16 4 25 37 4 45 43 21
7
49 12 19 25 37 50 30
6
31 50 45 46 4 8
4
13 41 0 49
8
41 23 48 30 9 9 14 50
13
34 17 38 4 27 22 10 48 49 29 11 45 0
8
26 4 20 33 46 29 39 8
10
21 16 5 15 32 45 28 22 48 42
12
27 36 30 29 43 36 17 29 36 49 15 22
10
41 41 2 18 1 21 1 34 38 0
14
40 41 26 48 50 23 13 36 31 24 7 20 16 47
5
27 18 23 1 11
5
3 22 23 24 31
14
5 37 39 47 18 12 45 13 15 6 13 37 10 42
3
26 40 39
3
3 23 16
7
35 38 24 38 45 44 32
15
35 37 42 26 18 17 8 47 47 43 29 45 38 18 28
8
7 4 36 14 16 41 37 33
3
235 672 760
13
102 718 838 470 942 734 606 439 532 787 11 118 445
12
856 629 638 691 278 155 593 251 317 484 418 454
8
750 174 489 635 353 107 924 360
8
374 822 50 153 301 472 882 478
11
777 945 883 566 811 234 286 476 659 871 864
10
322 625 235 111 56 424 557 775 215 857
11
456 103 885 899 492 371 45 804 286 954 323
12
5 98 611 694 463 836 871 545 696 830 61 175
3
820 151 177
10
582 299 725 379 463 900 207 255 752 237
9
691 67 931 533 631 529 879 699 523
14
590 219 55 771 794 6 202 20 314 288 419 176 983 397
10
355 722 457 150 336 793 690 147 672 294
5
223 334 846 812 798
11
554 724 416 349 1000 856 32 812 887 825 106
4
418 935 911 920
6
163 172 869 762 637 206
4
976 926 20 606
5
735 920 725 43 483
12
885 746 813 793 818 94 27 392 354 172 165 338
5
49 739 288 428 631
12
732 594 172 899 767 85 57 545 938 582 658 411
8
82 679 490 512 160 586 762 396
3
764 50 86
12
568 337 989 564 33 904 329 643 904 449 873 115
3
404 329 324
6
808 993 103 880 266 857
6
639 466 486 819 798 936
7
915 483 761 203 416 923 67
3
774 574 40
5
640 308 403 858 346
11
12 477 162 304 326 911 149 218 796 86 613
12
876 254 473 173 93 670 722 895 29 921 828 598
8
167 821 393 78 114 272 910 180
10
708 445 618 101 508 47 232 712 536 507
14
331 503 170 915 319 49 443 237 924 425 528 2 464 217
9
371 15 466 245 929 832 617 408 257
15
438 281 325 258 271 283 582 389 466 317 570 427 196 32 158
4
319 850 107 959
5
433 668 62 699 430
11
27 887 356 165 392 441 327 830 305 284 43
11
763 645 30 12 458 356 346 722 142 62 243
8
693 779 249 659 908 870 291 577
3
963 992 731
7
747 547 830 483 268 844 920
13
91 452 554 132 693 670 837 231 781 341 457 44 645
3
586 785 924
10
922 670 762 81 527 536 331 701 2 343
4
164 887 640 583
