&N>RcqZ\i [,Q<Pu5G.]?]zYL("[#_@
1010001111111
10000011111
011101111
1001011010101111111
0100111
100111000011111
0101011
100110101111111
00101
1010001011111
011101111
10010101111
1010000111111
011100111
10001101111
011101111
0100011
1010001111111
10010101111
010010011
10100100000000000111111
0100111
1010010011111
1000101001110101100000001111111
1010001111111
10011101011100111011111
1010000011111
1000110001100111111
011011100111
100101001101111
011101111
10001111111
0100011
1001011011110011111
011001111
100100000011111
1010000111111
10001111111
1010000111111
100111001101111
1010001111111
100000100011111
000
"R6a>]SI%>!]r<.hWo~y'#ME].&jnY9&`d m'
011110111
10010001111
011001111
10010111111
011110111
1010011111111
0101011
011011111
1010000011111
011011111
0100111
10000111111
101001110100011111
10000011111
0101011
10010101111
00101
10001001111
101001110010111111
10000001111
011001111
1010100111111
011011111
100000011101111
000
2.K{^-T03?Zmd\^Ug3t*J$VgpjW@Hd.A!v.qj-|7M<#D3^
0100111
1010000011111
10001101111
1010101111111
011101111
1010010111111
011010111
0100011
1010110000000100100001111111
10001001111
1010011011111
011011111
1010100111111
10011001100110000001111
1011000011111
100100101101111
0101011
10001111111
1010101011111
10011101111
1011001011111
100011100001111
1011001111111
011001100111
1011001111111
00101
10010011111
0100011
1010010111111
011100111
10001111111
1010011111111
011010111
000
'$i61c'bW6dW4.gp rVc`\=]&)b/vWdIWK6C[Opq
011010111
101000100101011111
10000101111
1010000011111
0101011
101000000000011111
10011001111
101001100101100010000010101011111
10001001111
1010000011111
011101111
101010000001011111
10010011111
1010011011111
1001100011100101111
011100111
1010110111111
011010111
1010110011111
011000111
1010001111111
011101011111
1010011011111
00101
10010011111
1010010011111
100001001011111
1010110100100001000001111111
0100011
100010100011111
00101
1010100111111
10010011111
010000011
011100111
1010100011111
011000111
0100111
011101111
10010101111
1010101111111
10001111111
1010010111111
1000001001110001111
101010010011011111
011100111
1010011011111
100010010011111
10100101000100101111111
011101111
100010101111111
011010111
0101011
100001100111111
1010001111111
10011101111
1010010111111
10011001111
10100010000110100011111
10001001111
000
*aLZSe1
00101
011001000111
01000101011
011001001111
0101011
00101
010101011
011010000111
0100111
00101
011010111
00101
0100111
011000111
0101011
011001111
010000111
011010000001010111
0101011
011000111
010001011
011000000111
010100011
011001010010000001111
0100011
011010000001000111
01001100011
011000111
00101
0100011
011001111
0100001011011
011000000010111
0100100001011
011010111
01000000010000111
011001111
00101
011010111
01001011011
011000111
00101
010010011
011001000111
0100011
011000010010010111
0100011
011010111
010100111
011000111
010101011
011000111
001001
000
!'49hTC)3p|l8^$2s:LpL
1001001100000011111
011011010111
010000011
10000111111
00101
011001111
10010001111
011001111
0100011
011101101111
100100000001111
00101
100000010011111
011010111
0101011
011010000111
10001001111
011000001111
0100111
10010011111
011101111
00101
1000010010101011111
00101
100001101001111
011001111
10000100010011000001111
00101
10001001000000010001111
011011010010111
10000101111
0100111
011010111
00101
100100101101111
0100011
10010001111
011000011111
100011001011111
0100011
1000101001010011111
00101
011101101111
10001001111
0100111
100001110001111
0100111
00101
011001111
100000100101111
011110111
0100011
10000011111
011101111
10000100001001001110110001110011111
011001111
000
 Ho/rq+hqJ%~yce[Z^JT"PX2h:PR15oC
0101011
1010000111111
0100011
10000101111
1010000011111
10000011111
101001010001011111
10010001111
1010010111111
00101
1001001000001011111
011101000111
100100001011111
011110111
100011001001111
0101011
10010011111
011101111
1010000111111
100011010001111
1010000111111
011100110111
10011001111
1010010111111
10001101111
1010001011111
10011011111
1010000011111
100001100101111
011100111
00101
1010010011111
10011011111
011001111
000
8G7wK5z;y't14UtDov" &LsyWzWEJIGxk]))! :0}T~M<k
10010001111
101000010011001011000100100011111
100101000011111
011100011111
10101000010010011000111010110001111111
011110111
0101011
1011001111111
100100001001111
011010111
101010010101011111
100011101111111
1011001111111
10001011111
1010110011111
100010001011111
1010110111111
10000011111
0100111
100111010101111
1011001100100011100101111111
10011011111
1010100111111
10011011111
101010000000010011001100100100011001010001111111
000
H"Ox}jE!N5`B'RQ#OHUk)T';_g
011101111
10000001111
001001
10011101111
00101
100100010011111
011110110100111
100101000111111
011000111
10000111111
0100111
1001100000100101111
011110000110100111
0100111
100000011001111
011100111
1001001110001111111
011110111
10000011111
0100011
100011001101111
00101
011010110111
0101011
100010110001111
011011111
010011011
011010111
10001111111
011010100111
100010001001101101100001111
011000111
00101
100011001001111
011100111
1000010100000010111100100001111
000
](
00101
010000011
001000001
0100011
001001
0100000000011
0010000001
000
*aQE&Iu*$P5gM,/Y"P'I C-r[-^&9.*8<J=`<~E@%y/
1010100111111
000
~22L8aP?.=-zUhl>@}`z)6q9%M
011001100111
1000101011011011111
0100111
100111000111111
010011011
100100000111111
0101011
1000100000000111111
011010000111
100100111100101011100011111
011110111
0100011
10001100001000110011111
011000111
1000011101101011111
0100111
011101111
10000101111
00101
10011101111
011001111
100110101011111
011010001000111
10011001111
011011111
10000101111
0100011
100000011011111
011001111
100100000101010001100011111
00101
100110000111111
011110111
100100110001011000101000001000101001111
011101100111
0100011
100101011001111
011001111
10000101111
00101
011101111
100100011000010110111001111
011110110111
10000111000001110011111
000
7\+Aq'kfrM$6_C=otmzG`{64W\
011010111
1000110101100101111
000
?0>+1)+g|b5hxe
011100000111
001001
011001111
10000001111
0100011
011010111
10000011111
011010100111
100000000011111
011110011100111
010100111
011001111
100001000001111
0100111
10000011111
011100010111
000
o
0010001
000
EfVKNpN0/9z]DWk/.^$To<bD$?B1t.e<ym~'c3{%,Mu*Ds0Q#
101001010010110011101010000101110000100100111111
10000001111
1010010111111
011100111
10000101111
000
r%=_h*x<W9{<#bh[%?WeZaxJn5Z?B[f?
011101110111
10011001111
00101
101000100000011111
011010001111
10000101111
000
nQd__<~<w#H`ag}p+i$K7UQ$1yZLIA8Pq>*odGKiZka6W#xT3
1011001011111
10010011111
1010001111111
10011101111
101011010101111111
0101011
00101
1000000011010001111
10110101100101001111111
0101011
011101111
10100100100010011111111
00101
1011010111111
0100111
10001011111
011100111
10001001111
101000110111111111
0101011
100100010001111
1010011111111
10000011111
1010011011111
10001001111
101010111010011111
10001001111
101000100100011111
100000000011111
101010011001111111
10000111111
101001110110011111
10000111111
101101000110111111
10011001111
00101
10010111111
1010010011111
10000111111
1011000011111
011010111
00101
10000101111
1011010011111
100011111101111
101010110011101101011100011011111
011001111
10000011111
1011000011111
1000111110111001111
101000111001010011101001010101110101011010111111
100001010001111
1010111110010011000000111111
10000001111
000
4u.>vp?$ ~7d^_1im7`tQ
100000101101111
011001111
00101
10001011111
00101
010010011
011010111
1000110100110011111
00101
011011111
10000001111
011010111
00101
010011011
011010110111
0100111
10000010000000110011111
0100011
10010001111
011011001000111
00101
10001101111
011000111
10001111111
000
GWZegS0
011001001111
000
&_<0$ZT*fVbAZol^n;[v2uO^m/:
011000111
1010000011111
100001001111111
011001111
0100111
10000011111
011000111
1000110101101110011101000101111
011101111
100000000011111
00101
1001100110011001111
1010000011111
10010001001011110010010100110001111
0100011
100010100101111
0100011
100001100111111
011010111
1010000011111
011001100111
10001001111
1010000011111
10000111111
011000111
10011011111
000
M)r>qYuMG\+nPyz,^fYX{$9v>pQRgO#nFVxE5o
101001110100111111
011010111
1010001011111
011000111
101001010101011111
011110111
10011101111
1010101011111
10011101111
101001000100011111
100011110011111
1010000100000000110100011111
100100001111111
011000111
1010100011111
011001111
10000101111
000
;|\8ww5CR
001001
01001100111
00101
011011111
0101011
011100100001010111
0100111
011100111
0101011
011010001000111
0100111
011001111
0100011
00101
011011010111
01000001011
011000111
0101011
011011001001000000111
000
&AB|GR%qB XF'R-t-L\m8I.p{%.rjCQ/+Qq+QsHxhNz@yq:
1010001011111
10011000010011110111111
000
^T1<6<lZ$=tfqkST])UNjLe8:
10010001111
0100011
10010001111
000
jDz~OZNCJm\i~?,`>cQ /F5mx,lc!C~HW,v`CEDoYyKZ(MFH6
011000000111
1001110101111101111
1010100111111
100000101011111
011100111
10000101111
011110111
1010110011111
00101
101010011001110110001110001011111
011100111
1000010010111011111
011011111
00101
10010011111
101010010010011111
10000001111
1010101011111
011010110111
100110000011111
000
{r3{ ndL-[=^&NiOwcBu[4]qc5l'k
011110010111
0100111
1010001011111
10001011111
011101111
10001011111
1010001011111
10010011101100100001111
011101111
100101101101111
011011011111
100010011011011011100001111
011010111
10011011111
0100111
00101
1001000000001111111
1010001011111
100110110001111
011100111
100011111011111
0101011
100011110111111
0100111
011010111
1010001011111
10000111111
011011111
100100111001111
011011111
000
2{H3k<%?lR 5p'
0101011
011001111
00101
010101011
011101111
0101011
00101
011101111
10000001111
011101000111
000
_LpW4w`bZ<T;&RXfJ
10000011111
0100111
100010001011111
00101
10000111111
011011110101111
10000101111
011101111
10000111111
01001000111
011100000001111
10000111111
0100111
100001000111111
0100011
011001010010111
100001001011111
011000111
00101
011010110111
0100011
10000011111
011000111
01000010011
011101111
0100011
10000001111
00101
000
C\4Va?,#|Z$6\&p=M[v8s79=|<cYrJn!eVN{A1%HIv03lU-Ps
1010011111111
011010111
100010100001111
1011010100010001001001011111
100110111101111
1010100111111
100100011001111
0100111
10000111111
1011010011111
10010011111
1010010011111
011000111
10100111101100111111111
000
@ /\m
010100001011001000111
011000111
001001
01010100001010111
011000111
010010101100111
001001
0100011
011000111
01001101010011011
011000111
0100011
001001
0100111
011000111
010000101001011
00101
011000111
01001010011
00101
0100011
011000111
0100111
011000000111
0100011
011000000111
010010111
000
f1,`\`m6Kr7<M[)0)C_8+SzHT9PK5nU^Ls$D4!NGa! QW
1010001111111
100000011101111
1011000011111
011011111
10011011111
1010010011111
011000111
10101110011100101010000001110111011111
011001111
10010111111
1010001011111
011110111
10100110010010001111111
0101011
10001111111
101001010110011111
011101111
1010011011111
0100111
1011000111111
1000001100011101111
10101011000010110011111
011101111
10010101111
01000010111
10101001001010000111111
000
"?l[#@%XLDdb8Ut@ x^D7z9]=`%{|o%%qQ"T*uMV*0{]f .
100100001111111
1010100111111
10000111111
0101011
011110111
10010111111
0100111
00101
100011110111111
011000111
10001111111
011100111
100001100101111
011101111
100011001101111
101100101001111111
10001101111
011010111
10000111111
011001111
100101110111111
101001110010011111
011101100111
101000000010111111
011011111
10010011000111000101111
101000001010011111
0101011
10010001111
1010101011111
011100111
100100110101111
011101111
10011101111
011101111
1010111111111
10001001111
0101011
1010000111111
10000101111
1010010011111
10011001111
0101011
100100010111111
1010101011111
011011111
100110011011111
10101101001000001111111
10001011111
0101011
10011001111
011000111
101010011000011111
011101010111
00101
1010011011111
10000001111
1010101111111
10000011111
011011111
101001010001011111
000
EYi2NLyMIUxh(#2|v9-FZE
1000111100101101111
0101011
10001001111
0101011
011110111
00101
011001010001111
100011101011111
011000011111
100100101101111
011000111
10000111111
011100010111
100010100111111
00101
10010101111
011010111
10010101111
011001100111
10001001111
011010111
1000100101001101111
010010111
100010100001111
010011011
10000111111
011011111
10010101111
0100111
10001011111
011000111
10001011111
0101011
011000111
0100011
10010101111
011101100111
10010011111
0100111
100001100111111
010010011
011110111
10001111111
011001111
0100111
011011111
10001011111
011010110111
000
lDXN]5<
0100011
00101
0100110000111
011010111
01000001011
001001
011010111
0100111
001001
010101011
00101
0101011
011001111
0100111
011001010111
010000111
011001010111
0100111
011001001000000001001111
0101011
00101
011001111
0100110000011
011000111
00101
0100101011011
011010111
0101011
011010111
0100010100111
011001111
0100111
011000001111
01000000011
011001111
0100011
000
hq[6.e2)3eJ[g]."4H,L!I7P+9lt'4@rF"\77Z|#]k0V]
011110111
101001000111110000001110101011111
000
BI)z
00101
0100001000111
00101
0101011
001001
0100011
00101
010011001100100100101000010000010101011
00101
01001011011
00101
01010010000000011
00101
0100011
001001
01010000101001011
00101
0100111
001001
010010111
001001
0100111
00101
0100111
00101
0101000010111
00101
010010111
00101
010100001011011
000
3Pg^vp/
0100011
011000000000010111
0100111
000
3y{@<>/ZONu'Pt**]~}wuz%Tc;a2!
1010000011111
10000001111
011010111
1001110100110101111
1010001011111
10010011111
011110111
10010001111
010101011
1010000111111
1000111110101111111
011010111
0100111
100011010000011000000101111
011000111
10011001111
1010000011111
10001001111
011110111
10000111111
1010000111111
100011100101111
011011111
1001001001111001111
011100111
10001011111
011000111
1010000111111
0100111
100110010101111
1010000111111
100001110101111
011011111
10010001111
011011111
100001100001111
101000010000011111
0100111
10001001111
011000000111
0100011
011000111
10010101111
0100011
10010001111
011000111
0100111
10011011111
0100111
00101
10000101111
011011111
1001001111000011111
011010111
10010111111
0100011
1010001011111
000
MvW~Z68J-dy9ArC!pKP+a_aQ^
100001011011111
0100011
10001111111
011001111
10010001111
011010111
100101001011111
0100111
011101111
1000011110000001111
011100001111
100011100101111
011000111
1001001101110011111
011011111
10000111111
0100011
10010000100011110010101110100001111
011110111
100000101001111
00101
011101111
10001100011101010111111
011010111
1001011010111011111
00101
100010010011111
011100111
10000001111
011100111
10000001111
00101
011000100011111
10000101111
0100011
100001011001111
011010111
10001101111
000
RiZkW`R/,'uU-ej)A%VUsbP43q6/0{vvg6S1QPbU:U='$Sn',
1010100011111
1001001001111011111
1010100011111
10010001111
10100010000100001011111
10011001111
0101011
10000111111
101010100001111111
0101011
1000001001000001111
011100111
10100100011101000011111
10000111111
00101
101011010011011111
011100111
10001011111
1010101011111
0100111
011100111
10001111111
1010010111111
00101
10110101000100010011111
100011000111111
10101101000000010011111
100011111101111
1010010011111
0100111
10001101111
011010111
1000101001111011111
1011011011111
011000111
10011011111
10110110101010101111111
0100111
011001111
1010000111111
100000100001111
011101111
1011001011111
000
 
001000000000000000000000000000000000000000000000000000000000000000000000000000000000001
000
wf.Vu=)c]J//d2<DX8VI1p`&yplggb[4i73JP,rmd
1000001001100101111
011110111
1000000101101001111
1010010011111
011000111
10101001000010011011111
10001111111
101000110011011111
100001001001111
011110111
10011011111
10101101010110101011111
10001111111
011000111
1010101011111
011100111
1010010111111
00101
011100111
101001010000011111
011011111
1010101011111
10010011111
0101011
101010100111011111
10010011111
1010001111111
011100111
10010001111
101001000110011111
10011101111
1010011011111
10011101111
101010100011101010010110011111111
10000001111
1010011111111
10001001111
011000110111
1010111011111
011110111
101000110100011111
1000011101010101111
011010111
10001101111
10100111011100011111111
10010001111
1010100011111
011110111
100010110011101100010011111
1010011111111
011001111
100000000101111
011100111
1010101111111
10001001111
00101
1000010111000001111
00101
100111000011111
010001011
100010110001111
000
CgK$&|@K_Z >gQx$B
10000101111
011011100111
10000111111
011001100001011111
0100111
100010000001111
011110000111
10001001111
011000101000111
10000001111
011011111
01001000011
011100111
10001011111
011001111
10001011111
011110100111
10000011111
010011011
011010111
0101011
011101111
0100111
100001000001111
011101111
0101011
10000011111
0101011
100010100101111
011010101001111
10000111111
0100111
00101
0101011
10000101111
0100111
10000001111
011010111
10000111111
011101111
00101
0100011
011100010000111
10000011111
0101011
000
bd-<AIt~,EXVBLmOY*L)E<fa-U)$c%"
1001100101011101111
011001111
0101011
100010101011111
00101
0100111
10001101001010000111111
1010000111111
011011111
100100110001111
011001001111
100101110111111
0100111
1010010011111
100111001001111
011101010111
10011001111
011101111
10000011111
0101011
1010001111111
011010111
1000001010110111111
011110111
10010001010011000111100100100111111
011001111
000
<R%
00101
0100101000101000011
00101
0100011
001001
0100111
00101
0100101000101010011
00101
0100111
00101
01001000111
001001
0100111
00101
010010111
00101
0100111
0010001
010000000000111
00101
01001010101000011
00101
0100111
00101
0100111
001001
000
s0BiG^N#3!7 )[DH%va_]NR@9`Yc=b`uXwmAHLHD"Mp
1010010011111
011101111
10100101000010010111111
10000101111
011110111
10001101111
1010000011111
10001101001010111101000001011101111
0100011
011000111
1010000011111
10001001111
011010111
10101011000110110011111
100111000001111
1011000011111
10010111111
011001111
100010110111111
011101111
1001011000010011111
0101011
100000010011111
1010110000000011010110011111
0100011
1010011011111
10010001111
1010111111111
10010111111
101010010011111111
10001001111
1010010011111
10011011111
011011111
10011001111
1010001111111
1001000110011001111
0100111
000
>lmCm
0100001100111
000
^"5ZqbAb8!$uhxJ7tIYsX<m{Mz3{aDhmY"
100101010101111
0100111
100001100001111
101001110000111111
10000111111
0101011
000
&kr=M6)Oh!RRf#7{j0C0y=@>5goqD'}Fi6$R34~
1010001111111
011001111
10001001111
1010001011111
10010111111
0100011
10010001111
101011000010011111
011000111
101011000011111111
011001111
10000101111
0101011
10011001111
1010001011111
011110111
10000111111
1010000111111
011101111
1010010011111
0100011
10100101000100110011111
10010111111
1010000011111
10010001111
1010011111111
10011011111
10101100011000100111111
100010001111111
1010101011111
0101011
011010101111
1010110011111
10010001111
1010010111111
100001011011111
011100110001111
1010100111111
10010001111
10100101000000101011111
1000100111001011111
011011111
1010011111111
10011001111
1010010011111
011000111
10010101100110110001111
011010111
0100011
1010110011111
100000001001111
1010011111111
0101011
101011000000011111
10000011111
1010011111111
011110111
1001001011100101111
1010010011111
0100011
101000100000011111
10001011111
1010011011111
10011101111
011000111
1010001111111
011100111
1010010011111
10011011111
101011000110011111
011100111
10001111111
1010011011111
10011101111
101010100011111111
000
psA^1>wvYmAh\y}"^h*d"rlRex ON8lyB
1010001111111
011101111
1010011011111
100101010011111
1010010011111
0100111
011010111
1001001000001111111
1010010111111
10001111111
1010001011111
100100100101111
011010010110111
1010000111111
10010011111
011011111
1010000011111
011100111
100011110111111
011100111
100011111011111
011001000111
10000101011010101111111
011000111
0100011
011100111
100000011101111
0100011
10010111111
1010011011111
10011101111
011010011111
10000001111
011100111
1010000111111
10011001111
0101011
1000010110111001111
1010001011111
10001111111
1010000011111
011000111
1010010111111
10011001111
000
JB@A\n(3Z}f p_uFG"s FU0C.@4W
011001111
0100111
011001101000111
0101011
10010101111
0100011
011100101111
0100011
1010000011111
011001100111
0100011
011001111
00101
100100001001111
011000111
1001000000101011111
0100111
10001111111
011010111
0100111
10000011111
00101
1001001001111010011000001111111
00101
011000011000111
100101110101111
011000111
01000010011
10011001111
011100111
100110010101111
011001111
1000001101001111111
011100111
1001101111000101111
011110111
10001001111
011101111
10011001111
011001011111
100101110101111
1010000011111
0100011
10001001111
011010011111
1001100101011001111
0101011
011101011001001111
101000010000111111
10011101111
0101011
100111000011111
011010000111
10010011111
1010000011111
100010001110110100011011110101001111111
000
SYkSJ^)Vb9H.zt7~AP0
100001001011111
011000101101110111
10001011111
011110111
100010000011111
011110100111
000
j^FjIhlzvcew]w;;i]W`[5Py,@lVQ9s+C<uj6O*&We
1010111111111
10001101111
101001000001011111
011001111
10000011111
1010101100001000100100111111
011100111
1010010001110000100010111111
10011011111
10100000010000100111111
10000111111
1010000111111
100110110011111
011010011111
1000110000010001010000010011111
101010110100011111
100001000011111
011000111
101010110111111111
10000001111
1010001011111
011011111
10011001111
1010011011111
011001111
100101101001111
1010100001011000010101111111
10010111111
00101
1010101011111
000
IC|3'@
0100111
011000000111
010101011
011001111
010001011
011000111
010010011
001001
0100011
011000111
00101
011000001111
010010011
00101
0101001100011
00101
010011011
011001111
00101
000
C'V!$u=tM^0fMx#B=u"SeU{''(3^QR.
1010001011111
10011011111
011000111
1010001111111
0101011
1000110011011101111
0100011
1010001111111
011000111
000
+a'c&'xpt.d-
010010011
011110011111
10000001111
011101011111
0101011
011001111
10000001111
0101011
011001100110101010011111
0100111
011010111
0101011
011110110001111
0101011
011110111
010100111
011010011011111
0100011
011001100111
0100111
011010111
001001
011011111
0100011
011100111
0100011
011011111
10000001111
011011111
0101011
011110111
001001
0100011
00101
0100011
011100111
00101
0100011
011010011010000110111
00101
0101011
10000001111
01010000100000111
011001111
0101011
011010111
0101011
000
El6YN%T}zUWoRo7eN~W!!
010010011
011010111
0101011
1000010100101001111
00101
011000111
1000110100000011111
011011111
1001000010000011111
010100111
011010111
100001000010110011100001111
00101
011110111
100011000001111
011010111
00101
100000000010000100001001111
011010110111
0101011
00101
011010110111
10001101111
0100111
011110000111
100001101001111
011100111
10010011111
0100011
10001111111
0100011
10001011111
0100111
011011001111
1000111100000001111
00101
1000101010000101111
0100111
10001110011011101001111
011001111
0100011
100000100111111
011001111
10010001111
0100011
011010111
0101011
10000001111
011001111
000
PU]x]>RE@X%Bd+vZm
011000111
100001100010000010100101111
0100011
011101111
100001000101111
011100111
10000001111
010010111
011001111
0101011
011011111
00101
10001011111
0100111
011010010111
10001011111
00101
0100111
011010111
010010011
10000101111
011001000001111
1000010010000111111
0100011
011001000111
10001011111
0100111
011000111
1000010000100111111
0101011
10000001111
011110000010001001111
00101
10000011111
011000111
10000001111
011000111
00101
010010011
011011111
10000001111
011100111
0101011
011011111
10000101111
011110111
0101011
000
][.t/amN]^[>DX24(T&rax) lv])Jec>
011101110111
0100011
100001101011111
011101111
10010111111
1010010011111
1001000000111101111
0100011
100100011011111
011010111
10000111111
0100011
1010001011111
10010001111
101000110010011111
10000011111
011010010111
10000101111
011011111
10001111111
0100111
101001000010111111
100101001010001101110111111
011011111
1010001011111
0100011
1010001011111
0101011
011101111
1001010111011011111
000
E4VZUSjm=;6W7viaz8OQ%9q"WZ)t7n>p2:0dKAag*\hj ]cy3$
1010000011111
011010111
0101011
1010000111111
10011001111
1010010000100101011010011111
0100011
100110010011111
1011000011111
011101111
100100010001111
1010101011111
100000111011111
101101111000011111
011001111
10011001111
1010110111111
1000101110000101111
10100011000101010011111
100110010101111
10100011100110010111111
100010001011111
011011111
0101011
011100111
1001100110111001111
0100111
011001111
101010010010011111
10000111111
011100111
101001010001011111
0100011
10000111111
011010111
10000011111
011001111
1010111111111
10011001111
011001111
1011011111111
10011001111
1011011110011100000111011111
011100111
101011011001011111
011101111
1011001111111
0100011
101100110011011111
100111000111111
000
Vr7#0LVKg2OhIAal`!Ib%iqV6uvL[O#M<Gd2Mr;J]I
100100110111111
101010010111011111
10000111111
101011000001111111
011000111
100011111011111
1010010111111
1001010100111011111
101001100101011111
10011011111
1010001111111
011000111
10001111111
101001010100111111
10001111111
101001100101111111
0100111
1010011111111
100010101101111
00101
101010000100111111
0100111
10010001111
1010110011111
10000111111
1010011011111
100100110011111
00101
1010001011111
0100111
1010110111111
010101011
000
r]rg(QD>nm@<I-$~2Bv>$f
100001110001111
011101111
100000100100010010001100111010100101111
0100011
00101
011010110111
100011110101111
011100110111
10001011111
011000111
100100101011111
011011100100111
010000011
100001100011111
011100110111
10000001111
010000011
10010001111
000
U
00100000000001
000
K.igBFRGnwbDxxClg9 <%W}iL^vOF#6tkz%N$-
011110011111
101001110010111111
0101011
011110111
1010000111111
011000111
1010011011111
0101011
1010001111111
10010111111
0100111
10000101111
1010100011111
10011001111
011110111
0100011
011011111
10010101111
00101
011101111
100001011101111
101000100010011111
011100111
1010100011111
10010001111
011000111
10001101111
011000111
10010111111
10100010001010000011111
100011001001111
00101
101010010001111111
10000101111
011100111
00101
011011111
1010001111111
000
63
00101
010000011
00101
0100011
00101
010000011
000
tdg#Q80X,5sZ!(FV(Z#)MhC5iJ}SZjBjdi3H
101001000001011111
011110111
10000111111
1010000011111
10010111111
011100111
100111010011111
1010000111111
10010111111
1010000011111
000
*,2o
0101011
00101
010011011
00101
010100011
00101
010100110011011
00101
0101001010111
0010001
01010001011
00101
01010100000010011
00101
010010101001011
00101
0100011
001001
010101011
000
w<B.T+d2-=C7feO&jdG'af!E.[{Nluz>+dt
011101111
101000100010011111
00101
10010011111
1010100011111
10010111111
1010011011111
100110110111111
011100111
10000101111
101010000011111111
00101
1010011111111
10001011111
011000111
10011001111
011110111
10010111111
101001000010111111
10010001111
011101111
10000101111
011011001000111
1001101100001101111
1010000000000001100000111111
011001101111
1001101010100111111
011110100111
1010001111111
10001111001011100101111
00101
10001101111
0100111
1010100011111
01010000111
10010001111
1010000011111
1001110001000101111
000
?KLA4p8}^a8gn.Y%OCXQQ  K{pD;;"\|bTy3orU^~$
1010110111111
10011101111
1010000111111
0100111
1000010100010011111
0101011
10000111111
1010100011111
011101111
100011011011111
011010111
1010011111111
010001011
100111000011111
011110111
1010110011111
011011111
10010101111
1010101011111
011101111
10001111111
101001010111011111
100010010111111
101011100010011111
10000001111
011101010111
1010100011111
10001111111
011000111
1010000011111
011110111
10100011000010001011111
011110111
1010110111111
10000111111
1010000111111
100000110011111
011000111
100010100001111
1010100011111
011000111
1010000011111
10011011111
1010100011111
011001110111
10010101111
1010110011111
10010111111
0100011
10000111111
0101011
1010001111111
10000011111
1010111011111
10011001111
000
P`4xAN < -j)eUD-q5w~}jbFv:*&]y#wo.PC
1010011111111
10010011111
1010001111111
10010111111
011110111
101001010001111111
010000011
10011101111
000
8+Opogjk k`f7'#2=zo0inih8`$n:B[9k`Fhs>=3yWLr`~n
10011001111
010010111
011101111
0100011
1010000111111
10010111111
1010111000010010001000111111
10000001111
1010000111111
10010101111
10100000010100110011111
00101
1010111011111
10000111111
101010010100011111
1000001011111001111
101100100000111111
1001100011001011111
101011000001011111
10010011111
1010101011111
0100011
1010000111111
011101111
101100110010011111
100010000001111
101011000110111111
0101011
10100001100100001111111
0101011
10001011111
101001100000111111
011001111
10101011011100011111111
10010001111
101001010111111111
10010111111
011011111
1010101111111
0100011
100100001111111
101000100101000110011000100111111
100001110011111
1010011011111
10000111111
00101
10001011111
011010011111
10001011111
101010000001011111
10000111111
011011111
1000001100101001111
101001101001100000010100100011111
011101111
000
e+rnxgP,VF(eY!5r_f(L>9vG=wP'm>@t)\@yR<z<+5s"r46
00101
10011001111
1011000111111
0100011
011100111
1010000111111
10000011111
011001111
1011001011111
011010011111
101100100111001001101000011011111
10010111111
1010000111111
0100111
1010101111111
0100011
100001100001111
011010111
100100001101111
10101011100100000111111
100001110111111
011101110000111
1010110111111
10001001111
101100000000111111
10000011111
1010101011111
10001110111101011101111
011100111
101100001001011111
100101000001111
1011001011111
100100100111111
1010011111111
000
4V+8_Jw4nAW@-m4Y2"=Lp
00101
100100010011111
011100111
100100001111111
000
@F4=1KWRyGkh.}gj(;3Alf;9*JQ;0-$uVjnQXp!c7pm5bFyK
011000111
101001111000111111
011001111
0100111
10011101111
0101011
101000001001011111
10000011111
1010000011111
10011011111
000
x8Z
01001000101000011
00101
01000010111
00101
0100011
0010001
0100111
00101
010010011
00101
0100101010011
00101
010010011
00101
0100111
000
apG0UX$ylEFSvv8@{v(fIr1(6f
10001000011100101011111
011011111
100000001011111
0101011
10001001111
00101
10010001111
00101
100110010111111
000
<b3&
0101011
00101
0100111
00101
010011010000010101011
00101
010101010011011
00101
0101011
00101
000
9Rhm?W6Bij_RH6B{?h4y
011101111
10001011111
0100111
011010110111
010000011
011000111
10001111111
0100011
10001101111
011011111
10010001111
011110010111
10001101111
0101011
011110111
100000000101111
0100111
011011011111
100000101101111
0101011
011100101111
00101
10000111111
011010111
10001101111
011100111
0100001001011
100010101111111
011000111
10001001111
011000111
0100111
10000001111
011011111
00101
10000011111
011101111
1000100010001011111
0100011
011000111
10001100111011101001111
0100111
100000101001111
011101011111
0101011
10000011111
011100011111
10000101111
0101011
10001001111
011100110111
1000101100000101111
011110111
0101011
011110111
0100111
10001111111
011110011111
000
'hj/{S6PG>}m1f=E0 22U~DG~J
011010111
0101011
10000001111
0100111
011011111
10001111111
00101
1001110001101001111
011101111
100101111011111
011000101111
10000001111
011010111
10011101111
011000111
0100011
1000100001110011111
011011111
0100011
10011011111
011110010100111
100001100001111
011000111
100110110110011101001011111
011100111
100000010011111
011101000100111
00101
0100011
10010011111
000
L!h>68>Q$4UF{}U<K\|X,{e*5ZiS
100101010001111
011110111
10011101111
011110111
10010111110100101001111
011000111
10001101111
0100111
100110001011111
011110111
1001011100000001111
011010111
00101
0100111
1000111100110101111
011011111
10010101111
010010011
100011011011111
011001111
1001101101000011111
1010000111111
100100100111111
0100011
100001011101111
011101111
1000100000011101111
011101111
1001000001010101111
000
ys$}o!"z:(h8iB:W,M<&jHhw&2/n
1000000110010101111
1010000011111
10010101111
011100101111
1001010100111011111
0100111
1001000001000011111
00101
10011101111
011110111
100110110110110000110111111
011011001101111
100010010101111
011010001000101111
0100011
1001000110100101111
1010000011111
10001111111
0100011
10010001111
011100111
1000100101101101010001010011111
011110111
10000001111
00101
011100111
0101011
1000001010001011111
011101111
100100110011111
00101
011000110111
10000101111
011010111
10000001111
1010000011111
00101
011101111
10001011111
011001111
1000010000100111111
00101
000
?9y61d 1>B
010001011
011100111
0100011
011010111
0100111
011100001111
00101
0101011
011011001010001000010111
010000011
011100111
0100011
011011111
010000111
011100010000000000111
00101
0101011
011100101010011101101111
010100011
00101
011011000111
0101010000011
011000000111
00101
011001010001111
0100111
011101111
0100111
011011100111
0100011
011101001000111
00101
011000000111
000
*a>U=a,OlAP;qg[K1u~f>MZ_.nmm
011000010111
100100101111111
011110011111
010100011
10010111101011011000110011100011111
011000101111
1010000111111
100110011011111
0100111
10011011111
011001111
10000101111
011010111
0100111
100111001101111
0101011
011010111
1010000011111
00101
000
dP
00101
01000000011
001001
010000000000011
00100001
0100011
001001
01000000011
001001
0100011
0010001
000
3n.xJS&E6|PjgK^5BQD}mq]yTD{Xm'[z<bQJ8/_}7K~Z
10001011111
1010110000001010010100111111
011010111
1001001101000001111
101001110010110000010010100011111
10001111111
1010111011111
1001110111011011111
1010011111111
011011110111
10011011111
011000000111
10101000000010001111111
000
4]+sCJpb}~Wp"`;&+moq LOhSHDH. CrSrVN.*AN4$E
1010000111111
011100111
100001011011111
011010111
1010100100010010010110111111
011011111
1010101011111
00101
10001001111
0100111
011100111
10001111111
1010001011111
011011111
1010111011111
0101011
10000101111
011101111
10100011001010000011111
1001000101010101111
1010111111111
011110111
0100011
10000001111
101010000111011111
0101011
10001101111
0100111
00101
10010101111
101000010101011111
10010001111
1010001011111
0100011
011101111
10101011011110011111111
10000101111
1010011111111
011010111
000
`h# {(XM|EFY_5v;FcUG`hpl\VdW|C|@NH~%kBr4mxyK;nK?3
101100011000011111
10000001111
1010111111111
011011111
100010101011111
1010100111111
10010001111
101000100000011111
100101100011111
0100011
1011010111111
0100011
10011101111
011110111
1010110111111
10001001111
011001111
1010111111111
100010010011111
1011010111111
0100011
011011111
10011001111
101000010011011111
10001001111
011010111
101001011011011111
100110001101111
1010101111111
011100111
1010110111111
011100111
010100111
1010100011111
011011111
100000110111111
101011110111011111
10001001111
10100011100001001011111
011011001111
10110011011101001111111
10000111111
011001100111
101001110100011111
011010001001111
10000111111
1011000011111
000
^sYnLG}@TS.TXlmpDCW8@6
011100111
100011000001111
011100111
10001001111
00101
10000111111
011100011111
10001001111
0100011
100010100001111
0100111
100001110101111
00101
100001110011111
0101011
011110000110111
10001001111
011000000111
00101
10010001111
011011001110001111
0100111
011010111
10000001111
00101
10001011111
0100111
10010101111
0100011
011010111
00101
100010100111111
011100111
10000111111
0100111
011000110111
100001000111111
00101
10010101111
011101101111
10010011111
011110111
000
Kc0qa/T[@}*nxH[thh6o.U$oj0yj)F_OPni0jO
101000100010011111
1000011111011101111
011010111
1000110101001011111
10100100000110101011111
100000010011111
0100111
10000011111
00101
011001110111
1010001111111
011011111
101000100001111111
011100111
1010011111111
1001000000110001111
1010000011111
10001001111
1010010011111
10010011111
101000100000011111
10010011111
1010000000000010000101111111
10011011111
101010100101111111
011110111
10000101111
1010101111111
10000101111
011011111
101010000001011111
1001010101110001111
01001101011
1010000111111
011000111
101001110101011111
011101111
1010100011111
10000111111
1010100111111
011010111
1010101000001000100000111111
100101000011111
1010001111111
0100011
10000111111
1010101011111
100000100101111
1010100011111
000
/R?o_qv8:|nqkFRL$\7uh5}c: *
011001011111
10010110110111001011111
011101111
100010110111111
000
GIHc&oUuO?^;R
011010111
00101
0101011
011010111
10000011111
011011001111
00101
010100111
00101
10000001111
01001001011
011010011100111
100000100011111
011101111
0100111
011011111
10000001111
011000111
010000011
011011011111
00101
011000111
10000011111
011000011011011101110100110010111
010101011
011100111
0100011
10000001111
011100111
0101011
011001011011011011011010100110001101001110100010111
0100011
011110001100011100011110000011110110111
00101
011010001111
000
e?x9
010010011
001001
01001000110100010001001000100010001000111
00101
0101011
00101
0101011
00101
010100011
00101
0101011
001001
01000001011
0010001
0100111
001001
01010010111
00101
010001001101011
00101
0100100011011
001001
010100011
001001
0100011
00101
010000011
00101
01000001011
00101
010010011
00101
010000100010010011011
00101
010010101001011
00101
0101011
00101
0100111
001001
01001100010101011
000
w'*FN(rBMm& :.I@"nD&kZnL{WsOI9Ya{OjU5[U;\ cN
011101111
100101000001111
101000110110011111
10011011010011101011111
011100111
000
Ri7]lWNX7Zi_G!jg_:;dYeJ0hoBwlr\
10011011111
011110111
1010010000100001000010011111
100100010100010110111011111
011101111
00101
1000010001001111011011011011111
0100011
011100111
0100011
1010010011111
10000101111
011100111
1010001011111
10011011111
011001111
10000001010100000011111
011000111
1010001111111
10010011111
1010001011111
0100011
10001001111
1010000111111
100001000011111
101000110001111111
100101011001111
1010010011111
00101
1010001111111
100011111001111
1010000011111
00101
0100011
1010001111111
10011101111
1010000011111
1000000010111011111
010100111
100010101111111
0101011
011000100111
1010000111111
10000101111
011100100111
1010001111111
011110111
1010000011111
011110010111
000
Fyx4T4:IMT$9Qv?>kLw*
011010111
10000001111
011101010111
0100011
10000001111
011100010000111
00101
10000011111
011011001111
10000111111
011011111
00101
011001111
010010011
10001011111
011110001111
00101
10001111111
00101
1000000100001001111
00101
011100111
0101011
100010001111111
00101
0100011
100010101111111
011000001111
100010000001111
0101011
011000110101100111
0101011
011101111
10000101111
0100111
100100001101111
0100011
10001101111
0100111
1000101001001111111
011000010111
0101011
011000111
0100011
011110010111
10010001111
011001111
10000111111
0100011
011100111
010000111
10000111111
011110010011111
10001011111
0101011
011100111
000
F`Js~HdPDx58VVP2b,qO
011000101111
10001111111
011110111
100000001101111
00101
10001011111
011100110100110010111
10001101111
011100111
100000101011111
011110111
010101011
100010101011111
0100011
10010001111
011101111
10001001111
0100111
1000110001001001111
011010111
1000000100001111111
0101011
011001111
0100011
100001100111111
010010111
10001111111
011010111
010100011
10000001111
011101111
100001000101111
011101111
10001111000000010001111
011110111
0101011
10000001111
011010111
1000100011001001111
0100111
10001001111
0100011
100010001011111
011000010000111
10000011111
00101
010000011
100001110001111
011110111
10001101111
011000001111
0100011
011000110111
10000011111
00101
0101011
10001101111
000
*sv5({KmM/$bVo|`q[AOQ4Z5
00101
1000100011010001111
011001000111
0100011
1000110000010001111
00101
011110111
10001001111
011011111
0100011
100000101101111
011110111
10001101111
011011111
10000001111
011011111
10000111111
011101111
00101
011010111
100001011000100100010001111
011101111
100000110111100011110001111
011011111
100100000011111
011011101111
10000101111
011100111
10000011111
011011111
0101011
10010011111
011101000111
0101011
10000111111
011000111
0101011
00101
1000011011101001111
011101111
10000101011100100111111
00101
10010011111
00101
10000100110010001011111
0101011
011011000111
10001101111
0100111
000
b\eI<:c$aEe}iHuF434p
011101111
10000011111
011000111
10000011111
011011001111
00101
011101111
0101011
1000110010000011111
011011111
10000011111
0100111
00101
011010111
1000111000100111111
011001111
000
5rMWc?(r%Mn}?}(9U#]`SO8VZ65j,:rap:3XO#9J
1010110011111
00101
10011001111
011000111
10101000010110100011111
10001001111
101000110000111111
10001010111101001111111
101011010101011111
0100111
10100100010000010011111
10000111111
011001111
100000000001111
1010100111111
1000111110110101111
011000111
100001010111111
101011000000011111
0100111
10011011111
011010011111
0100011
011110111
0101011
10010101111
011101001111
1010000111111
011011111
10011001111
1010110111111
011010111
00101
1010101111111
100011110011111
011101111
101010100101111111
011011111
100000100101111
101010110000111111
011010111
1010101000010010110000111111
100101110101111
011001111
1010010111111
10010111111
1010000111111
100000101111111
0100011
011100111
00101
10011011111
1010100011111
0101011
1010100011111
011011111
000
