1 1
1
IC 2 1 2
1
1 1

2 2
2
IC 1 1
IR 1 3
4
1 1
2 2
1 2
2 1

3 3
3
IC 3 1 2 3
EX 3 4 2 5
IR 4 1 2 3 4
9
2 3
1 3
1 1
3 1
3 3
1 2
2 1
2 2
3 2

4 4
4
IC 3 2 3 5
DC 6 1 2 3 4 6 7
IR 5 1 2 3 4 5
IC 2 1 2
16
4 4
3 3
1 3
2 1
2 3
4 2
4 3
4 1
3 1
3 2
2 2
2 4
1 4
1 1
1 2
3 4

5 5
5
DC 1 5
DC 2 2 4
IC 3 1 2 3
DC 4 1 3 4 5
IC 1 2
20
3 1
5 1
5 4
2 5
3 3
3 2
1 3
4 2
5 2
5 3
1 1
2 1
4 4
5 5
1 4
2 4
3 5
2 3
3 4
1 2

6 6
6
EX 6 5 4 2
DC 2 1 5
EX 6 2 6 3
EX 3 1 5 4
IC 3 2 3 5
EX 3 4 2 6
20
2 5
5 2
6 3
5 4
2 1
1 4
6 2
1 3
4 1
1 6
1 5
6 5
6 4
3 1
5 3
3 5
5 5
4 5
4 3
2 6

7 7
7
IR 4 2 4 5 6
DC 4 1 2 4 7
DR 3 2 4 7
IC 4 1 2 3 4
EX 5 7 7 2
EX 7 6 4 6
IC 4 2 3 5 8
20
7 4
6 4
5 5
3 2
2 7
7 6
7 2
1 2
7 5
3 6
1 3
6 7
5 2
6 3
4 6
3 1
5 4
4 4
3 5
6 5

8 8
8
IR 7 1 2 3 4 6 7 9
IR 8 1 2 5 8 9 10 11 15
IR 7 1 5 12 13 21 22 23
DC 1 7
IC 7 1 2 4 5 6 7 8
IC 2 1 13
EX 15 2 20 15
DR 9 2 8 14 17 20 23 24 25 29
20
2 4
8 2
7 3
3 3
7 2
4 3
4 4
1 5
3 1
7 6
1 4
6 4
8 3
1 8
8 5
7 7
5 1
4 1
8 1
6 5

9 9
9
IR 2 4 6
IR 8 2 3 5 6 7 9 11 12
DC 2 3 6
DR 2 3 7
IC 4 1 4 6 7
IC 4 3 6 8 11
DC 1 11
DC 3 7 9 12
DC 9 1 3 4 5 6 7 8 9 11
20
8 2
4 2
2 5
7 3
4 7
9 2
5 7
4 6
6 1
2 8
7 6
5 8
1 5
1 9
2 6
6 5
7 4
1 1
8 9
7 7

10 10
10
DC 4 2 5 7 10
IR 2 3 9
IR 1 5
IC 4 1 2 3 5
IR 1 7
EX 12 1 4 6
EX 2 7 3 6
IC 6 2 3 5 7 8 11
DC 3 2 9 10
DR 6 3 6 7 8 11 14
20
7 8
3 8
5 2
1 3
10 7
10 2
5 4
1 10
8 6
3 1
4 5
5 6
7 2
10 6
3 9
1 5
8 4
9 8
9 1
6 7

11 11
11
EX 4 3 7 7
DR 7 3 4 6 7 9 10 11
IR 4 1 2 3 5
IC 7 3 4 5 7 9 10 11
EX 5 13 1 10
DC 1 18
IC 2 6 16
EX 4 10 3 9
EX 3 2 6 8
DC 7 3 4 8 12 16 17 19
IR 1 9
20
4 2
3 6
4 8
1 1
11 1
4 9
2 1
2 5
8 11
1 2
8 1
5 11
8 6
5 4
11 7
6 7
9 3
4 10
8 9
10 4

12 12
12
IR 1 12
IR 3 2 3 13
EX 2 9 15 12
IR 5 2 4 5 7 9
DR 7 1 2 8 10 16 17 21
EX 7 7 13 7
EX 11 12 10 4
IC 9 1 3 5 6 8 9 11 12 13
IC 9 1 4 6 10 11 13 18 20 22
DC 6 11 18 20 21 23 28
DR 3 4 9 11
DC 1 19
20
7 9
2 5
2 10
6 9
12 1
5 4
10 5
7 1
4 9
4 6
9 1
10 2
3 2
2 6
3 1
12 4
5 6
4 8
9 6
11 7

13 13
13
IR 4 3 4 10 12
DC 4 4 7 10 13
EX 4 4 14 1
DR 3 3 6 14
IR 9 3 4 6 7 8 9 10 11 13
IC 4 2 3 5 7
DC 2 3 12
IC 9 1 2 3 4 5 7 8 9 11
IR 6 6 10 14 15 17 21
DR 9 2 6 7 10 16 22 23 25 26
EX 7 8 20 20
IC 9 1 4 6 7 8 15 16 17 18
DR 4 2 15 19 20
20
13 13
2 9
5 5
1 11
1 4
8 7
3 10
12 5
11 1
9 7
4 10
11 13
2 10
7 7
2 5
10 2
3 2
3 5
4 5
13 3

14 14
14
IC 8 4 5 6 7 8 9 10 11
EX 9 16 14 6
DC 3 5 11 13
DC 8 1 2 5 6 10 12 15 19
IR 7 1 4 6 8 9 11 14
IC 1 6
EX 4 10 16 4
EX 13 7 13 9
IR 4 10 11 17 19
DR 3 4 8 25
DR 5 3 4 5 12 15
DC 2 4 5
IC 4 2 3 6 8
IR 8 2 6 7 8 11 14 17 18
20
13 5
2 7
2 9
7 8
3 11
5 11
9 7
3 9
5 6
13 8
6 9
3 2
11 14
7 11
8 4
4 14
7 14
5 1
2 14
2 10

15 15
15
DR 8 1 3 4 6 9 10 13 15
EX 7 8 2 3
IR 7 1 2 3 4 5 6 7
DC 4 2 4 7 12
EX 13 8 1 9
EX 7 9 12 5
EX 10 6 14 11
IR 9 1 3 4 6 9 11 13 14 15
IC 2 1 10
EX 16 10 9 4
DC 8 1 2 3 5 7 8 9 10
EX 17 4 12 3
DC 4 1 3 4 5
IR 7 4 5 11 12 14 21 23
DR 3 8 15 20
20
4 13
5 7
8 2
11 5
11 9
15 7
1 12
4 12
14 1
4 11
1 4
8 14
11 10
6 11
3 6
14 3
8 6
8 3
2 10
9 10

16 16
16
DR 6 1 2 8 9 13 14
IR 4 4 5 6 7
IR 5 7 9 11 12 14
IC 5 3 5 12 13 15
IR 8 1 4 6 8 12 14 17 20
IC 8 2 6 7 11 14 17 18 21
IR 6 10 11 13 14 21 28
DR 9 6 9 12 14 21 22 26 30 33
DC 7 3 4 12 14 25 26 27
EX 11 8 19 3
DR 2 10 23
DC 6 3 7 9 14 16 20
IR 7 2 5 10 11 15 20 23
DC 8 1 2 7 9 11 12 14 16
DR 8 2 8 9 15 21 22 25 28
IR 8 5 6 8 11 13 20 21 22
20
9 4
12 16
10 9
10 14
12 4
13 7
4 2
1 6
14 11
5 12
12 13
10 8
6 7
3 5
1 12
8 6
3 3
13 1
15 8
14 9

17 17
17
DR 4 1 5 10 17
IC 5 2 6 13 15 18
IR 2 10 13
IC 3 1 7 11
DC 9 1 5 6 9 15 18 22 24 25
DC 4 2 3 6 12
DC 4 2 3 5 7
IR 6 3 4 10 13 15 16
IC 4 1 2 3 9
DR 3 3 4 21
DR 2 7 9
DC 7 1 3 4 5 8 11 12
EX 12 4 16 5
EX 6 5 5 2
DR 6 1 2 4 7 13 16
EX 9 2 7 2
IC 2 3 5
20
5 3
8 15
17 14
17 10
6 13
11 7
16 16
12 5
15 1
14 17
5 4
10 5
13 5
3 3
2 7
17 12
5 2
6 1
7 8
11 5

18 18
18
IR 4 3 5 12 15
DR 1 2
IR 3 2 10 19
DC 6 4 6 7 9 13 15
IC 6 4 5 6 7 12 13
DC 1 6
DC 3 7 10 14
DC 9 2 4 6 7 8 9 10 12 13
DR 3 5 7 21
IR 7 1 4 9 14 16 17 20
EX 10 3 7 3
IC 3 4 5 6
IR 3 11 16 19
DR 6 1 6 11 14 17 25
IR 7 4 7 15 16 20 24 25
IC 1 7
DR 4 3 4 16 27
DC 6 1 2 5 7 8 9
20
9 16
6 16
10 12
11 14
7 1
10 7
11 8
10 2
14 13
17 17
11 10
6 3
2 2
3 14
11 11
9 2
7 13
16 7
4 3
16 4

19 19
19
DC 2 9 13
IR 2 2 13
IR 9 3 5 10 14 16 17 18 21 22
DR 7 1 8 10 14 21 28 30
DR 4 8 10 21 23
IC 5 1 2 6 14 17
DC 2 17 19
IR 8 1 2 3 11 12 13 14 17
DR 2 1 26
IC 6 9 10 15 18 19 20
IR 8 1 3 6 7 11 18 19 24
EX 33 24 30 22
EX 3 8 32 2
EX 4 1 20 20
DC 8 2 7 15 17 19 23 25 26
EX 1 4 7 7
DR 3 2 8 24
IC 8 1 5 6 8 13 15 17 18
IC 9 3 4 7 8 9 16 17 18 23
20
8 18
7 9
2 19
10 12
6 1
7 3
7 16
6 2
15 11
11 7
7 4
5 17
16 3
3 8
9 8
16 8
19 7
5 14
6 3
17 19

20 20
20
EX 6 2 16 4
DC 2 8 11
IC 3 3 7 18
DR 9 2 3 6 7 11 12 18 19 20
DR 5 2 3 5 7 11
IC 3 4 7 10
DC 7 6 8 11 13 17 18 22
DC 3 5 8 11
DR 4 2 3 4 5
IR 1 1
IC 4 3 4 6 15
IR 2 1 4
EX 2 1 1 9
IR 6 1 2 3 4 5 6
DR 6 2 3 4 5 7 11
IR 1 4
IR 7 1 2 3 4 5 6 7
EX 8 18 9 2
EX 13 16 6 3
IC 8 1 6 7 11 14 15 16 18
20
8 19
18 5
3 11
13 9
17 10
1 2
4 2
15 10
3 9
17 12
6 19
18 1
18 7
4 13
13 8
18 17
3 15
5 1
12 20
9 3

20 20
20
IC 3 2 4 14
EX 20 21 11 8
DC 7 1 5 9 10 12 18 21
IC 6 1 8 10 14 15 16
IR 5 4 7 13 16 19
DC 9 3 7 8 15 16 18 19 21 22
IR 9 2 7 12 13 19 20 22 23 26
EX 15 6 13 7
DR 1 34
DR 4 7 11 20 31
IC 1 7
EX 22 14 14 3
DR 4 12 13 18 25
IR 2 15 25
DR 9 3 7 8 17 20 23 24 25 26
IC 4 4 9 11 13
DC 7 1 2 3 4 5 6 9
DC 9 1 2 3 4 6 7 9 10 11
DR 9 1 4 5 6 7 9 11 13 15
IC 3 1 2 3
20
13 5
14 6
10 8
19 13
12 8
9 9
4 7
17 3
5 19
3 10
8 6
11 8
5 4
11 7
10 9
3 3
14 16
6 12
18 18
5 20

20 20
20
IC 4 3 4 10 11
EX 18 10 14 9
EX 19 15 4 20
DR 3 2 3 8
IR 1 10
EX 12 20 11 13
EX 7 6 9 1
EX 14 11 11 19
IC 8 1 4 8 9 10 13 15 17
DC 7 1 4 5 7 20 21 24
IC 4 19 21 24 25
IR 9 1 2 3 5 8 10 13 15 17
DC 6 4 11 12 14 15 29
DR 4 6 8 9 10
DR 7 1 4 9 11 16 17 21
DR 6 4 6 7 10 12 16
IC 4 2 8 9 21
DR 4 1 3 7 8
IR 5 1 3 5 6 7
DR 1 1
20
4 9
11 3
2 20
3 8
20 9
2 2
18 5
10 6
4 16
19 8
19 10
4 14
12 19
5 6
7 3
20 12
2 13
16 14
19 3
6 13

20 20
20
IR 3 3 8 13
IR 9 8 11 12 13 14 18 19 20 23
IC 4 3 7 15 19
DC 8 5 8 10 11 16 17 19 23
DR 1 6
EX 6 5 6 14
DC 9 1 3 4 5 8 10 12 13 14
EX 28 6 25 7
EX 4 3 1 1
DC 3 1 2 6
DR 1 20
DC 2 2 4
IC 1 2
DR 1 13
EX 5 3 3 3
IC 3 1 2 3
DR 1 24
IC 6 1 3 4 5 6 7
IR 3 2 13 16
EX 14 5 22 11
20
4 1
15 3
16 8
1 10
10 12
3 17
20 8
4 16
7 6
19 16
10 3
4 14
14 6
10 5
1 5
14 7
2 3
11 15
18 17
12 16

20 20
20
DC 1 14
EX 11 5 19 8
IR 4 5 6 11 18
EX 15 15 21 8
IR 6 3 7 8 10 11 18
IC 6 1 6 10 11 14 16
IC 8 4 9 13 15 16 17 18 22
DR 5 7 9 11 17 23
DR 6 2 9 15 16 20 24
DR 4 9 10 12 13
DC 9 4 6 7 8 10 14 17 24 32
DC 2 9 21
DC 5 4 9 14 17 19
DC 6 5 6 9 10 12 13
EX 12 3 13 9
IR 1 13
IR 4 4 10 14 15
DR 9 1 5 6 8 10 13 14 15 19
EX 10 11 2 9
DC 2 4 10
20
14 15
12 1
11 20
15 9
19 7
18 10
20 2
17 15
20 19
5 7
14 11
6 5
8 19
11 5
20 14
7 12
17 12
5 6
1 4
14 2

20 20
20
EX 19 11 20 18
IC 5 8 13 15 16 17
IR 7 5 7 9 10 13 17 21
IC 9 1 3 4 7 16 17 19 21 23
DC 6 1 2 14 22 26 31
DC 1 19
IC 1 7
IR 1 4
DC 7 3 4 15 17 18 19 27
DC 7 5 6 9 12 15 16 18
DC 7 3 6 9 10 11 12 14
DR 9 1 4 7 11 12 13 19 22 25
EX 4 7 7 2
IR 7 3 4 5 13 15 18 19
DC 5 1 2 3 4 7
IR 9 2 4 7 12 13 14 17 24 27
EX 21 1 32 1
IC 3 1 2 3
IC 3 1 5 6
DR 6 5 9 10 22 26 30
20
4 20
11 9
10 10
16 17
6 7
10 7
14 19
13 20
12 20
9 9
3 2
5 16
10 18
9 20
11 3
12 4
17 12
13 4
14 5
18 12

20 20
20
DC 3 4 14 17
IR 7 1 2 5 9 12 16 17
EX 8 1 2 4
IC 7 1 2 7 8 9 10 15
EX 22 24 8 13
IC 4 6 7 9 18
DR 6 1 3 13 19 24 27
IR 8 1 4 8 14 16 17 18 20
DR 4 4 11 13 21
IC 8 2 8 9 16 18 19 26 28
EX 15 15 17 10
DR 4 15 19 21 24
DC 5 3 5 12 18 26
DC 2 2 8
EX 4 16 20 9
IC 7 2 4 10 12 18 27 30
DC 9 6 7 8 12 24 26 28 34 36
IR 6 1 4 9 11 20 21
DC 7 1 4 5 10 13 18 23
IC 8 1 3 5 6 11 12 17 18
20
19 10
7 2
1 16
18 1
4 4
2 11
14 4
7 3
14 5
1 12
1 5
2 2
19 6
6 8
5 7
13 7
8 17
8 9
3 12
1 14

20 20
20
DC 9 1 3 9 10 13 15 18 19 20
DR 6 2 3 5 11 13 19
IR 5 3 6 10 12 15
DC 1 5
DC 1 6
DR 9 4 6 7 8 9 11 13 15 19
IR 2 2 11
EX 3 6 3 9
DR 9 1 2 4 5 6 8 10 11 12
IR 4 1 2 3 4
DR 1 7
EX 4 3 6 9
EX 3 5 3 7
DC 6 2 3 4 5 7 9
DR 1 6
IR 2 1 3
IR 5 2 3 4 7 8
IC 4 1 2 3 4
IC 2 5 6
IR 6 2 3 5 9 10 12
20
11 20
10 16
17 17
11 8
8 20
19 9
12 15
3 17
6 9
12 1
11 9
17 20
12 10
4 17
11 6
12 14
3 16
5 4
9 11
17 14

20 20
20
DC 7 2 3 4 7 8 11 19
DR 8 3 5 6 7 9 11 14 20
IC 4 1 10 13 14
IC 3 3 17 18
IC 2 1 16
DC 3 4 5 21
IR 8 1 2 3 4 5 9 11 13
DC 1 10
IC 5 3 5 10 12 16
DC 2 10 21
IC 9 1 3 4 11 12 16 17 18 21
DC 1 8
DC 8 3 12 14 15 23 24 25 27
IC 9 3 6 8 9 10 11 18 20 22
DR 1 14
EX 5 20 3 8
DC 2 3 29
IR 1 15
DC 7 7 10 15 16 17 20 27
EX 17 6 2 3
20
7 17
4 4
5 6
4 8
16 5
16 8
18 18
9 3
15 10
12 18
20 7
6 6
11 5
9 6
3 2
6 10
14 18
1 7
2 15
1 9

20 20
20
DC 5 1 3 7 13 18
DR 8 3 5 10 11 12 15 18 19
DR 1 4
IR 7 1 2 5 8 9 11 12
IR 6 2 6 7 8 12 14
DR 7 1 7 8 9 14 15 24
DR 8 1 3 5 7 8 10 16 17
DC 3 3 7 8
IC 9 1 3 4 8 9 10 11 12 13
IC 7 3 6 9 12 14 19 21
IC 5 5 6 17 27 28
DC 9 2 3 15 21 22 24 27 29 32
DC 3 2 7 16
DC 9 3 4 5 7 9 17 18 20 21
DR 3 2 3 5
DR 3 1 2 4
IR 4 1 2 3 4
DC 9 2 4 6 7 8 9 10 11 12
DR 5 1 2 3 4 6
IR 3 1 2 3
20
6 11
6 4
8 4
4 14
8 17
7 4
11 20
14 12
9 16
17 12
16 7
3 4
17 2
5 14
3 7
15 16
16 9
12 6
3 17
18 3

20 20
20
DR 9 3 5 6 8 10 12 14 16 17
IR 3 7 8 9
DC 1 15
IR 9 1 2 4 5 7 8 11 13 15
EX 2 11 6 15
DC 9 1 3 5 6 7 9 11 12 16
DR 5 2 3 7 11 20
DC 7 1 3 5 6 7 9 10
IR 4 2 9 11 15
IR 7 8 9 14 16 18 20 22
IC 1 2
IR 2 12 14
DR 3 14 20 25
IC 3 1 2 5
DR 3 14 23 25
IC 1 5
DR 4 14 18 19 22
DR 8 2 3 4 12 13 16 19 21
DC 1 6
IC 4 2 4 5 6
20
5 13
20 2
19 15
14 6
9 17
10 18
15 2
11 14
4 14
1 12
8 15
13 12
13 17
11 3
6 20
13 14
13 10
7 10
13 16
6 9

20 20
20
IC 1 11
IC 5 3 9 11 20 21
DR 2 11 19
DR 2 10 13
DC 5 2 12 20 21 25
DC 7 3 8 9 10 14 16 20
IC 7 5 7 8 10 11 12 15
DR 5 3 5 7 9 13
DC 2 9 11
IC 2 1 15
DR 6 2 3 6 7 9 11
EX 4 13 1 12
IR 2 4 5
IR 6 1 2 5 6 7 8
EX 11 7 7 2
DR 6 4 8 9 10 12 13
EX 1 16 6 2
DR 2 6 7
DR 2 3 4
DC 5 2 3 6 11 16
20
16 14
6 13
4 6
14 15
13 20
3 7
10 14
12 13
6 8
11 4
5 14
5 5
17 20
5 4
6 4
4 12
10 6
13 1
11 20
11 6

20 20
20
DC 9 2 5 6 8 11 13 15 17 18
DR 9 3 5 7 11 12 13 16 17 18
EX 5 3 9 6
IR 4 1 6 8 12
IR 9 1 2 3 6 7 8 9 11 13
IR 5 5 13 18 20 23
IC 5 5 6 10 11 12
DR 2 5 28
DC 3 7 8 9
IC 4 5 8 9 13
DR 4 2 7 9 23
IR 5 3 13 21 22 23
EX 20 12 14 17
EX 7 16 27 8
DC 6 3 4 5 9 10 13
IC 8 1 3 4 5 6 7 8 10
DR 2 4 27
DR 3 5 13 21
EX 3 18 7 17
EX 22 7 7 4
20
5 13
11 11
7 5
3 10
1 10
6 16
15 19
12 5
11 9
1 15
18 14
14 7
16 15
6 4
2 14
16 5
4 17
14 1
6 14
17 14

20 20
20
EX 1 8 9 10
IR 2 6 12
DC 8 3 4 8 11 13 16 17 19
IR 9 1 4 6 8 9 11 12 13 22
DR 3 8 14 20
EX 13 10 18 1
DC 3 1 4 12
IR 4 3 5 24 25
DC 7 1 2 3 4 5 6 8
DR 9 1 5 8 14 16 21 23 31 32
EX 23 1 5 1
EX 7 2 6 1
IR 4 6 9 13 14
IC 1 3
EX 3 2 7 3
DR 9 6 8 9 10 12 13 16 19 21
IC 3 2 3 4
EX 16 3 11 5
IC 7 1 2 3 4 5 6 7
IC 8 2 3 4 5 6 7 9 12
20
5 15
11 8
11 3
17 6
8 19
3 7
14 1
10 19
17 9
10 10
12 8
10 17
19 20
12 10
20 3
5 9
13 6
14 10
17 12
12 2

20 20
20
DR 8 2 4 7 14 15 17 18 19
DC 8 1 2 3 5 7 12 17 19
DC 2 7 9
DR 5 1 3 4 5 11
IC 3 1 3 11
DC 2 2 4
EX 3 2 2 6
EX 4 6 4 10
EX 1 7 4 3
DR 5 1 2 3 5 6
DC 5 2 7 8 9 11
IR 1 3
IR 2 2 4
DC 4 1 2 3 6
DR 1 3
IR 2 2 3
IR 5 1 2 3 6 7
IC 3 1 2 3
DR 5 2 3 4 8 11
IR 3 1 5 6
20
4 11
3 6
12 7
3 17
2 4
9 19
20 3
11 10
1 20
14 8
6 14
5 14
7 13
16 7
4 13
19 2
12 20
16 3
1 3
8 16

20 20
20
IR 2 8 9
IR 5 11 13 20 21 23
DR 4 3 6 19 26
IC 1 19
IC 7 5 7 8 9 10 15 19
EX 21 28 3 14
EX 9 11 22 26
EX 10 4 7 15
IC 2 5 12
DC 3 5 13 18
DC 1 6
EX 11 5 22 15
IR 8 3 8 9 11 13 18 20 24
DR 6 1 6 11 19 28 29
IC 7 3 5 6 11 21 25 26
IR 5 1 11 19 21 23
DC 6 4 5 6 12 23 27
DR 3 1 7 28
IC 5 5 8 18 21 24
EX 9 27 4 4
20
19 1
6 1
11 14
19 10
18 4
5 3
14 7
16 1
2 15
10 20
20 20
18 11
1 14
17 9
17 11
19 14
16 13
1 18
7 9
11 5

20 20
20
DR 2 8 13
EX 15 2 15 8
DC 2 10 13
DR 2 4 11
DC 1 3
IC 4 2 3 4 17
IC 9 1 6 7 13 14 15 17 19 22
DR 2 3 15
DC 3 17 24 26
DC 5 3 10 14 18 19
IR 2 10 13
DC 6 8 11 14 15 19 22
DR 7 5 6 8 9 10 12 15
IC 8 3 5 6 12 13 15 16 17
DC 1 22
DR 6 1 2 3 5 6 9
IC 2 1 24
IC 2 21 26
EX 3 16 1 17
EX 1 13 3 10
20
14 1
17 6
17 18
17 9
5 3
16 7
1 4
18 12
19 16
3 3
10 5
5 10
12 1
8 4
15 19
13 17
20 10
11 16
6 19
9 12

20 20
20
DR 7 1 3 6 8 13 15 20
DC 1 6
EX 3 3 9 12
DC 1 9
IR 9 1 2 3 4 5 6 9 13 14
IR 6 3 5 6 15 16 20
IR 2 1 9
EX 11 6 10 11
IC 6 1 9 14 15 17 19
DR 9 4 6 11 16 20 21 22 26 29
DC 6 7 11 13 15 18 20
EX 19 8 2 8
EX 17 9 5 6
IC 8 3 8 9 10 12 13 16 18
DC 6 12 15 17 22 23 26
EX 1 9 16 17
IR 1 1
EX 12 8 16 4
DC 5 1 5 12 14 20
DR 3 7 8 12
20
16 10
7 10
2 1
15 4
2 6
19 17
18 7
3 14
10 9
5 4
15 3
13 5
9 5
10 2
16 12
7 15
2 13
14 12
20 6
11 9

20 20
20
DC 7 8 9 12 13 15 16 20
EX 4 1 12 5
IR 3 2 6 18
DC 5 1 4 7 8 10
DC 1 2
DR 1 7
IC 3 2 6 8
IR 8 2 6 9 10 19 20 21 23
EX 23 3 12 9
EX 27 7 16 3
DC 2 6 9
IC 1 3
DR 6 2 4 21 22 27 29
DC 7 1 2 3 4 5 6 9
IR 8 1 2 6 8 13 17 18 20
DR 1 11
IC 1 3
IC 1 4
DR 3 6 8 13
EX 3 4 21 1
20
10 11
11 9
6 6
8 18
13 13
17 6
3 4
1 17
15 18
12 4
11 15
15 14
9 12
12 19
5 6
5 11
20 3
6 20
18 6
16 19

20 20
20
IC 5 4 8 12 20 21
EX 18 12 14 19
IC 2 12 15
EX 11 10 17 18
IC 1 24
IC 6 3 7 11 15 16 18
DC 9 1 5 12 13 15 16 25 30 33
DC 5 3 14 16 17 25
IR 7 1 2 3 6 10 13 20
IC 4 13 15 16 19
DR 3 9 13 18
IR 7 3 4 7 9 10 16 19
DC 9 2 3 6 15 16 17 20 22 24
DR 5 3 9 13 21 25
IR 8 1 3 11 15 18 21 26 27
DR 4 3 7 23 33
DR 8 6 8 9 12 17 19 21 24
IR 2 13 22
IR 8 4 15 17 18 20 21 22 25
EX 32 4 12 15
20
8 11
19 6
19 5
10 3
15 20
5 14
14 17
13 15
15 6
10 20
13 11
10 12
6 18
9 13
14 13
15 15
9 12
7 20
20 18
19 18

20 20
20
DR 3 4 6 7
IC 2 6 17
IC 8 2 5 8 10 15 19 22 23
DR 2 14 17
DC 8 6 11 13 16 19 22 25 28
DR 2 12 13
DR 2 7 8
DR 4 1 5 10 11
IR 5 1 3 4 6 8
EX 4 13 11 21
DC 7 5 8 9 10 14 15 17
IC 5 4 5 6 7 9
IC 1 9
IR 9 1 2 4 5 6 8 9 11 12
DC 9 1 3 6 7 8 11 12 16 20
DC 2 3 12
DC 4 1 7 8 10
IC 2 1 3
DC 6 1 2 3 4 6 8
DR 6 1 2 3 4 10 19
20
4 14
17 6
7 11
6 6
4 11
16 20
4 5
12 16
14 14
7 13
6 5
4 8
12 9
7 19
8 14
16 3
17 10
5 17
12 18
11 6

20 20
20
EX 16 6 18 6
IR 2 7 12
IR 1 8
DR 1 9
EX 6 17 8 13
IC 6 6 8 11 12 14 17
IR 5 1 7 11 12 21
IC 8 2 4 5 10 15 16 22 23
DR 2 16 21
DC 7 3 4 8 18 20 24 28
IR 8 2 3 4 14 15 19 23 26
IC 2 16 18
DC 4 3 19 22 27
DC 5 3 7 9 17 18
DR 3 3 15 26
EX 7 18 5 15
DR 7 1 8 11 17 21 24 26
IC 3 5 13 19
IC 8 4 5 6 10 12 15 18 19
DC 9 2 3 8 12 20 21 26 27 28
20
7 11
3 8
20 16
16 4
11 5
5 9
11 13
20 10
10 3
15 2
18 13
5 4
7 15
9 4
10 4
14 14
10 15
15 13
14 1
19 15

20 20
20
EX 19 15 7 5
DC 1 18
EX 8 19 7 19
IC 8 1 3 6 7 14 16 19 20
EX 15 4 15 12
IC 7 8 12 13 20 26 27 28
DR 1 11
DC 5 5 10 11 14 32
IC 9 2 7 9 10 11 12 15 19 30
IR 1 2
EX 5 22 10 34
EX 16 24 4 36
EX 9 7 7 29
EX 20 23 16 14
DR 1 9
DC 8 6 11 13 16 19 21 27 30
IR 8 2 4 9 13 14 16 19 20
EX 3 2 17 25
EX 20 29 4 29
EX 18 27 7 13
20
17 10
13 16
7 18
4 19
5 9
15 2
13 1
6 9
6 19
2 20
5 2
3 9
3 17
17 7
12 11
20 15
17 18
2 12
2 5
19 7

20 20
20
EX 11 7 13 12
IR 3 3 11 15
DR 8 1 2 8 9 10 12 15 19
IR 6 2 4 5 9 12 15
IR 6 1 5 6 11 15 20
IC 4 1 4 6 10
DC 9 1 2 3 4 15 18 21 22 24
DC 9 2 3 5 7 8 9 10 12 13
IC 1 4
DC 3 1 2 3
EX 16 1 13 3
EX 11 2 27 2
DR 5 6 7 8 18 19
IR 6 4 10 12 13 18 20
IR 6 1 9 13 14 18 26
IC 3 1 3 4
DR 7 15 17 21 24 26 30 32
IR 1 20
IR 8 4 5 7 8 13 18 20 23
EX 34 6 6 1
20
11 1
9 1
5 20
19 18
7 2
6 1
18 15
3 16
4 15
18 7
4 13
5 9
6 16
15 5
16 2
15 7
3 4
3 6
19 6
17 8

20 20
20
EX 6 4 3 20
DR 4 5 9 13 14
IC 2 4 18
IR 7 1 2 3 8 10 12 17
IC 8 1 3 5 6 7 13 15 20
EX 9 5 19 30
DR 8 2 6 8 10 12 14 17 19
IR 1 6
EX 13 14 9 1
EX 9 27 2 25
DR 4 3 4 5 12
DR 7 2 4 6 9 10 11 12
DC 6 1 2 7 11 23 30
EX 1 1 1 21
IR 6 1 2 3 4 5 6
IC 3 4 14 19
DR 2 7 10
IC 4 11 13 19 28
IR 5 2 4 6 7 8
DC 2 8 19
20
7 10
13 20
6 4
14 14
2 10
13 13
20 5
5 6
10 19
15 9
1 10
15 19
6 13
3 19
8 11
11 16
18 11
3 9
20 6
13 16

20 20
20
DR 9 1 4 8 9 11 13 15 17 18
IC 3 12 18 19
EX 9 15 3 15
IR 9 2 5 6 7 8 9 10 11 12
DR 9 2 4 5 6 10 14 16 18 19
IR 4 1 6 11 12
EX 12 9 14 4
IR 4 1 9 11 14
IR 5 5 7 12 13 19
DC 6 4 8 10 17 19 22
DR 8 1 2 4 8 15 16 20 22
IR 9 3 4 5 7 8 10 13 15 16
DR 2 21 23
EX 18 15 10 14
IC 7 1 5 7 8 10 13 18
EX 22 6 13 8
EX 11 16 15 4
DR 1 6
EX 3 24 8 1
IC 4 1 9 15 17
20
2 18
1 18
4 12
2 4
17 13
1 5
13 20
19 17
14 3
6 19
11 10
9 10
6 6
7 7
5 17
6 3
1 12
5 5
5 8
5 20

20 20
20
DC 8 1 3 10 15 16 17 19 20
IC 6 2 3 7 8 10 11
DR 6 2 4 9 10 11 14
IR 1 7
DR 4 2 4 7 9
DR 1 11
EX 10 17 1 2
IC 6 1 3 6 8 10 11
DC 8 1 2 3 4 12 13 18 19
DC 4 2 7 8 11
DC 6 3 4 5 7 8 9
DC 5 1 2 3 4 6
DR 1 10
IR 7 1 2 5 6 7 9 10
IC 1 2
IC 2 2 3
DC 1 2
IC 1 3
IR 3 5 13 17
IR 5 2 6 11 15 16
20
7 15
1 20
7 1
16 8
11 4
15 1
17 12
10 1
12 7
19 15
10 19
4 13
15 17
14 1
11 9
19 20
9 7
10 4
17 13
7 12

20 20
20
IR 8 3 10 11 12 13 14 16 17
IR 4 5 10 11 24
EX 15 16 5 8
IC 8 2 3 4 5 7 9 17 18
DR 9 3 4 6 8 10 23 26 30 31
DR 6 4 8 11 14 15 23
DC 4 2 8 9 13
IR 2 8 10
DR 3 8 12 13
IR 8 1 2 3 4 5 6 13 15
DC 5 5 10 12 16 19
IR 6 1 8 9 20 21 25
IC 8 1 3 4 11 13 14 15 17
DC 4 2 6 8 23
DR 2 13 16
EX 6 1 3 6
IC 4 10 15 20 24
DR 7 4 8 9 16 18 22 26
EX 15 6 20 21
DC 3 10 14 21
20
1 20
5 3
15 9
20 11
2 5
2 17
11 17
12 18
15 2
19 11
17 4
8 14
4 1
2 18
13 9
5 9
4 15
6 18
15 6
8 2

20 20
20
DR 4 2 4 8 9
DR 3 6 8 16
IR 7 1 5 6 7 8 10 11
IC 3 4 14 15
EX 20 16 18 9
DR 3 11 15 20
IR 4 7 8 14 18
DC 7 1 9 10 12 16 20 23
DR 7 1 7 11 13 14 16 20
IC 6 3 5 7 10 12 14
IR 7 1 2 6 11 12 14 15
EX 9 11 15 12
DC 4 1 3 6 21
IR 6 1 3 4 10 11 17
DR 9 2 6 9 13 18 21 23 25 27
IR 4 7 12 15 17
EX 18 16 5 16
DC 9 1 2 3 4 11 12 14 17 18
DR 4 4 6 18 22
EX 11 3 5 3
20
8 7
4 18
10 1
4 8
10 7
4 14
12 9
14 2
2 9
11 5
9 15
20 11
2 12
14 7
4 4
7 5
13 2
9 11
2 18
17 12

20 20
20
EX 11 2 15 11
DC 8 3 6 9 10 12 14 15 18
IC 2 10 12
IC 5 1 3 7 10 13
DC 4 7 9 14 15
IC 1 3
IC 1 8
DR 2 9 15
IC 6 1 2 3 4 11 14
IR 5 5 6 8 9 15
IC 1 19
DC 2 5 12
IR 1 14
IR 9 1 3 6 14 20 22 23 24 25
IC 7 8 10 12 14 17 20 23
DC 7 2 10 14 20 23 24 25
EX 24 15 31 11
DR 9 1 4 12 18 22 24 28 30 32
EX 13 3 17 2
DR 2 3 10
20
14 18
13 8
10 8
13 11
3 12
17 1
5 13
12 12
1 2
1 11
18 7
2 15
12 13
2 7
3 14
3 2
18 13
10 11
13 5
6 13

20 20
20
DR 1 16
DR 1 5
DC 9 3 4 8 13 15 16 17 18 19
DC 3 7 8 10
DC 6 2 4 5 6 7 8
IC 3 1 2 3
DR 4 9 12 13 14
DC 3 1 3 5
IC 2 1 2
DR 4 1 10 11 12
IC 4 1 3 4 5
DC 5 2 3 4 6 8
EX 3 2 7 3
EX 7 1 2 3
DR 1 5
IR 8 2 3 4 5 6 7 8 9
IC 1 1
EX 2 1 3 1
IC 5 1 2 3 4 5
EX 6 6 12 9
20
20 7
3 13
15 13
3 3
13 4
20 16
6 6
13 20
2 7
12 14
19 2
8 2
19 14
10 5
12 10
16 8
11 16
11 17
9 6
12 8

20 20
20
DC 5 2 3 11 15 16
DC 4 4 6 8 10
DC 1 5
EX 10 9 5 8
IR 3 6 7 13
IC 8 2 3 4 6 7 8 10 11
EX 23 5 17 12
IC 4 1 3 6 14
DC 7 8 9 11 12 14 16 22
IR 8 7 8 9 13 16 17 19 20
EX 27 2 31 6
EX 24 7 19 10
DC 7 2 4 5 9 10 14 15
DR 4 2 11 24 31
DC 6 1 2 4 5 6 7
IC 2 2 3
IC 4 1 2 3 5
EX 9 7 1 4
IR 8 3 4 5 6 13 14 15 19
DR 9 2 9 11 18 19 21 22 26 29
20
4 10
2 19
8 19
3 13
8 11
2 8
18 16
20 15
19 19
5 10
20 18
7 11
11 2
3 4
12 15
18 4
5 14
9 11
6 14
12 14

20 20
20
IR 5 3 6 7 11 16
IR 3 1 15 23
DC 3 14 19 20
EX 22 16 19 14
IC 9 6 8 9 10 14 15 16 17 18
IC 3 2 14 17
DR 6 2 13 20 24 26 27
IC 3 12 14 16
IR 3 7 16 20
DC 3 7 23 31
EX 11 14 4 14
IC 3 8 20 26
EX 18 7 7 16
EX 11 17 8 30
EX 25 13 14 2
DC 6 3 6 10 23 25 27
EX 4 7 22 8
IR 6 4 7 8 15 22 26
DR 9 2 3 4 8 12 19 22 28 30
IR 7 2 5 12 14 20 21 23
20
7 15
8 3
11 6
5 12
8 9
4 9
12 20
14 11
8 14
15 8
16 18
17 4
19 20
12 11
6 12
4 16
5 3
14 15
9 9
3 2

20 20
20
DR 5 2 10 12 15 16
IC 7 5 10 14 16 18 19 21
IR 8 1 3 4 5 6 7 9 14
IR 9 7 9 11 14 15 16 17 20 23
IC 2 7 20
DR 5 1 6 12 14 26
DC 1 21
IR 2 18 23
EX 4 3 4 21
IR 9 4 10 14 15 16 19 20 23 27
DR 2 3 31
EX 7 28 14 16
DR 5 8 15 23 30 32
EX 6 23 22 20
DC 4 10 19 21 27
DC 4 10 11 22 23
DR 6 7 21 22 23 25 31
DC 2 1 16
EX 10 17 6 1
DC 1 9
20
18 16
11 12
10 3
17 4
16 9
10 6
4 9
9 9
19 7
5 18
19 17
4 15
7 11
20 17
16 16
10 13
15 11
20 7
15 10
10 16

20 20
20
IC 9 1 3 7 8 11 14 16 18 21
IC 8 4 5 12 13 14 27 29 30
DC 8 1 9 11 12 15 16 17 36
DC 4 7 11 21 28
IC 5 3 8 21 23 25
IR 5 5 7 8 19 20
DR 7 6 7 10 15 22 23 25
DR 4 11 12 13 14
EX 6 11 4 22
DC 5 4 8 25 27 29
DC 2 8 23
DR 4 1 4 7 8
IC 6 6 9 11 15 16 18
IR 9 1 3 4 5 6 7 8 9 11
IR 9 1 5 9 11 12 15 16 18 20
IC 9 4 5 7 12 13 22 23 24 30
EX 12 6 6 10
DR 5 1 7 9 11 14
DC 8 2 3 4 23 24 29 36 38
DC 6 1 4 13 16 24 28
20
5 3
14 6
11 6
3 3
19 19
20 2
10 14
9 2
4 5
19 5
8 15
16 20
11 2
6 13
13 2
18 2
11 16
3 10
12 11
1 17

20 20
20
DC 8 2 6 11 12 14 15 17 20
DR 9 1 5 13 14 15 16 18 19 20
DR 3 3 4 7
DC 5 1 3 4 6 12
DC 3 2 5 6
IR 3 1 4 7
DC 1 4
IC 1 1
DR 5 2 5 6 7 9
EX 3 1 1 3
DR 4 1 3 5 6
IR 1 2
IR 4 1 2 3 4
DR 3 1 2 3
IC 4 2 3 4 5
DC 7 1 2 3 5 6 7 8
IC 1 2
IR 5 1 2 3 4 5
IC 1 1
IC 1 4
20
10 4
6 11
1 11
13 8
5 14
12 4
8 3
14 1
17 17
16 6
4 10
5 10
11 3
6 14
4 18
4 2
3 20
7 15
20 9
17 19

20 20
20
EX 15 16 2 1
EX 12 17 6 3
DR 1 12
EX 1 19 3 6
IC 7 1 6 7 11 19 20 21
IR 9 3 4 5 7 8 9 14 19 20
DC 7 3 4 6 13 20 23 26
DR 7 2 12 13 18 20 21 22
DC 1 7
EX 16 15 13 18
DR 9 1 2 8 9 14 16 18 20 21
EX 7 13 3 15
DC 1 1
EX 12 6 2 18
EX 9 7 1 10
DR 7 1 3 4 5 7 9 12
EX 3 17 3 2
DC 6 3 8 9 10 13 15
DR 1 2
IC 1 5
20
16 8
1 8
20 1
14 7
15 4
15 10
18 14
13 12
17 9
5 4
2 3
4 14
17 16
2 6
18 17
18 11
1 18
12 2
3 14
12 16

20 20
20
IC 3 3 11 20
EX 6 18 17 9
DR 4 7 9 12 15
IR 5 3 6 8 9 11
IC 9 2 5 6 7 8 9 12 14 20
DC 8 4 6 7 9 15 18 19 25
IC 5 1 5 12 22 23
DR 2 5 9
IR 3 2 8 11
DR 3 3 5 7
DR 4 1 6 11 16
EX 6 4 13 21
IC 8 8 10 11 14 16 17 26 30
DR 4 3 5 8 9
DC 2 17 28
DC 7 3 7 17 18 19 20 33
DR 1 7
EX 3 7 5 2
IR 4 1 2 3 8
IR 3 3 6 13
20
15 11
15 13
4 13
16 9
6 14
19 5
12 5
7 9
7 17
2 14
12 20
12 2
9 5
5 3
12 10
6 2
10 2
3 14
7 1
1 8

20 20
20
IR 1 11
DC 3 5 8 14
DC 7 1 3 6 7 8 10 15
IR 4 7 8 13 22
DR 7 1 4 13 15 20 21 22
EX 11 4 2 1
IR 9 1 2 3 10 11 12 15 17 19
EX 15 7 19 2
DC 1 4
DC 7 1 3 4 6 7 8 9
IR 5 1 12 14 15 19
DR 7 4 7 8 9 18 20 32
EX 21 1 18 1
IC 1 2
IC 4 1 2 3 4
IR 7 4 7 10 14 15 20 25
DR 7 7 11 16 19 24 25 26
IR 8 1 4 6 16 21 22 24 25
EX 32 1 30 1
DR 1 15
20
16 19
11 16
18 3
11 6
17 10
16 2
12 2
6 5
16 3
13 12
5 9
14 9
7 18
9 2
8 17
5 15
12 5
12 14
7 3
18 13

20 20
20
IR 1 10
IC 2 16 18
EX 13 21 17 21
DR 5 5 8 15 17 18
DC 8 1 2 7 9 11 13 16 22
IC 5 4 8 12 13 15
IR 9 1 2 6 9 10 11 12 14 17
DC 4 4 6 15 19
DC 1 13
DR 9 2 3 4 5 9 12 13 14 20
IR 6 5 7 8 10 13 14
IR 5 4 5 6 8 20
IR 5 11 15 17 23 24
DR 9 2 4 6 14 21 22 24 28 31
IR 5 4 7 8 9 10
DR 7 2 4 7 8 13 17 24
IR 6 8 9 13 14 17 22
EX 11 6 13 9
IC 4 4 6 8 10
DR 9 3 4 11 12 14 17 19 20 22
20
11 2
8 16
1 13
17 5
19 6
16 20
15 11
9 12
2 12
11 13
2 10
6 13
6 6
19 2
9 4
8 9
1 10
20 6
11 11
15 17

20 20
20
IC 4 1 6 14 21
EX 15 14 18 8
EX 17 23 5 2
DC 6 2 3 4 9 17 22
DR 8 4 7 8 9 10 11 14 17
EX 3 9 10 15
IR 3 4 5 13
DC 9 1 2 3 4 10 13 15 16 17
DC 3 5 6 8
IR 5 2 4 8 13 16
DC 3 1 4 6
EX 8 1 8 2
DR 7 3 5 6 7 12 17 18
EX 13 1 11 2
IC 4 1 2 3 4
EX 5 7 8 7
IR 7 2 3 5 6 9 10 12
DC 4 1 4 5 6
IR 2 12 14
DR 5 1 8 9 16 21
20
2 10
18 1
15 13
7 7
5 16
10 1
7 13
13 1
3 12
12 11
2 20
19 12
3 7
6 2
10 18
1 1
1 6
1 5
11 3
16 20

20 20
20
DR 5 7 9 11 13 19
IR 4 9 10 11 12
IR 9 3 4 6 7 10 12 14 19 20
DR 7 3 7 12 16 18 23 28
DC 5 1 3 11 12 16
DC 9 1 2 5 6 7 8 11 12 14
IC 6 1 2 3 4 6 7
IC 6 3 5 7 8 9 11
IR 4 5 12 18 22
DR 2 4 21
IR 3 6 8 12
DC 7 3 4 11 12 14 15 17
DR 2 3 9
DC 4 4 6 9 11
DR 2 15 18
IC 1 3
IR 5 2 9 13 21 22
EX 9 6 2 5
DR 6 4 7 10 12 21 27
EX 15 4 21 8
20
3 18
8 4
7 6
20 20
20 18
5 9
8 1
9 20
6 8
1 10
18 13
9 3
14 7
16 15
16 1
7 13
2 10
10 4
6 1
14 15

20 20
20
DR 2 1 2
DR 1 5
DC 1 13
DR 9 2 3 5 6 7 9 14 16 17
IC 5 1 2 7 10 19
DR 6 1 2 3 4 5 8
IR 1 1
EX 2 4 1 15
EX 3 1 3 13
DC 4 15 17 21 22
IR 2 2 4
IR 1 1
DC 6 1 2 6 9 14 16
EX 3 7 4 2
DC 3 3 9 14
DR 1 6
IC 4 2 6 7 10
IR 4 1 2 4 5
IR 7 1 3 4 5 6 8 9
EX 14 13 3 3
20
8 6
19 12
7 12
6 9
8 20
18 18
13 7
1 3
8 8
20 15
20 14
19 5
8 2
9 2
11 13
4 14
9 7
20 4
13 4
12 6

20 20
20
EX 11 18 12 12
DC 9 1 3 9 12 13 14 15 16 19
IR 7 2 3 4 7 9 10 13
DC 2 2 5
IC 1 2
DR 4 1 5 14 21
EX 14 3 10 3
DC 6 1 2 5 8 9 10
DR 2 17 19
IC 3 2 3 5
EX 19 4 5 2
DC 1 4
DR 1 10
DR 9 2 5 9 11 14 15 16 17 18
DR 5 3 5 8 9 10
DR 4 2 4 5 6
IR 2 1 2
EX 2 6 1 5
IC 7 1 2 3 4 5 6 7
DC 8 4 5 6 8 9 10 12 13
20
16 18
16 10
15 14
17 5
17 7
3 11
3 20
12 16
17 15
2 1
16 9
8 16
8 10
10 5
9 6
1 15
19 10
17 2
3 19
20 20

20 20
20
IC 3 1 8 17
IR 1 1
IC 9 1 3 5 6 7 11 12 16 22
DR 9 1 4 7 9 16 17 18 19 20
EX 10 2 7 14
DR 9 1 3 4 5 7 8 9 10 11
IR 4 1 2 3 4
DC 3 6 25 26
IR 6 1 4 5 6 7 8
IC 6 5 7 8 14 27 28
DC 1 20
IR 6 2 8 9 10 13 14
IR 5 6 10 11 13 20
DR 2 4 16
EX 16 3 2 7
IR 4 8 13 19 22
DC 2 3 7
IR 7 2 5 7 9 12 16 27
EX 19 29 17 7
DR 6 1 4 11 25 28 29
20
17 6
5 9
8 10
15 15
8 12
14 16
4 17
15 9
8 1
20 12
11 16
4 8
16 12
3 13
1 4
6 5
14 15
14 2
5 14
3 17

20 20
20
DC 5 1 10 13 17 18
IR 7 4 5 10 14 18 19 20
DR 3 10 13 17
IR 8 2 7 11 12 15 18 23 24
DR 9 3 9 20 21 22 26 27 28 29
IC 6 3 4 8 10 15 16
DR 8 1 3 6 11 13 14 18 21
EX 9 18 15 7
EX 4 12 4 18
EX 7 7 2 7
IC 8 1 9 10 12 13 15 19 20
IR 8 2 5 7 9 11 12 13 16
IR 5 4 8 17 21 23
EX 15 22 6 11
DR 4 5 6 12 18
IR 6 2 9 18 19 20 22
DR 4 1 5 8 12
EX 4 4 22 6
DR 2 8 17
DC 3 11 14 20
20
17 7
16 11
11 11
13 15
20 18
3 8
15 13
8 5
12 8
3 6
9 6
17 17
10 10
19 11
15 2
20 2
1 12
5 3
8 3
2 11

20 20
20
IC 1 14
DR 9 2 10 12 13 14 15 17 18 19
IC 5 4 9 12 17 19
IR 5 1 2 5 6 12
DC 3 8 14 16
EX 9 4 5 22
EX 15 2 14 14
EX 11 13 14 21
IC 3 3 6 17
DR 2 5 6
DR 8 3 5 7 8 11 12 13 14
IR 4 2 5 6 7
IC 4 5 14 19 23
DC 4 9 13 16 19
DR 4 1 5 6 9
DC 1 18
DC 5 7 8 12 18 19
EX 5 13 2 2
EX 4 20 3 1
IC 1 10
20
10 8
1 9
11 3
8 13
3 10
19 16
18 6
13 9
1 14
8 2
8 20
1 1
13 17
2 1
19 10
14 19
20 14
9 3
5 11
14 17

20 20
20
IR 3 8 10 18
IC 8 3 7 11 12 13 14 15 17
IR 2 5 9
IR 4 6 9 24 26
IC 9 2 3 6 7 9 10 19 20 26
DR 7 7 14 15 20 25 26 28
DR 7 5 10 11 12 16 19 22
DC 6 8 12 16 26 29 30
DC 6 4 5 8 14 15 27
IC 1 21
IC 7 2 6 9 10 11 24 25
EX 3 22 10 28
IR 3 4 15 16
DR 7 5 6 8 11 12 16 17
DC 9 4 5 9 10 13 16 21 27 28
DC 2 1 18
IR 5 1 7 9 10 12
IR 9 1 2 3 4 9 10 11 12 15
IR 2 11 23
IC 5 2 3 7 13 22
20
16 20
6 1
20 5
6 16
10 19
2 6
1 9
1 2
8 4
20 18
9 10
6 9
9 19
3 18
7 18
10 10
9 3
13 13
18 20
4 4

20 20
20
IC 3 6 10 18
EX 16 13 7 15
IR 5 3 5 7 10 14
IR 1 25
DC 1 20
IR 8 2 4 6 9 10 16 17 26
DC 7 2 3 5 7 10 13 19
DC 5 3 7 8 12 13
IC 3 2 5 11
DR 9 3 4 16 17 22 23 25 29 34
DC 1 11
IC 1 6
IC 7 1 3 4 5 6 10 12
DC 2 11 14
IR 1 6
IC 6 1 3 7 11 13 14
DC 4 15 16 19 20
DC 3 4 8 14
IR 2 1 16
DC 6 1 3 5 8 11 13
20
5 11
20 4
4 11
18 16
3 16
10 9
6 20
11 4
7 9
3 2
1 7
20 13
18 11
9 15
13 12
13 2
19 3
9 6
7 1
19 14

20 20
20
DC 8 1 2 3 12 13 17 18 19
DR 6 4 6 10 11 17 19
IC 8 1 2 5 7 8 10 11 13
IC 4 12 13 14 15
EX 5 21 1 3
IC 8 3 4 9 11 18 20 22 23
IR 1 6
IR 3 1 5 11
DR 5 5 8 10 16 18
EX 12 31 3 30
IR 6 2 7 10 11 12 14
EX 5 26 12 9
IR 3 3 5 17
DR 7 1 4 7 8 17 19 20
DC 3 12 23 27
IR 5 2 8 13 15 16
DC 2 6 10
EX 20 6 15 20
DC 3 18 19 23
IC 3 6 7 15
20
9 7
16 9
2 15
19 15
14 20
7 15
10 18
14 9
7 16
11 8
8 5
17 6
8 14
15 19
5 8
8 17
12 1
12 16
8 10
14 8

20 20
20
DC 1 18
DR 1 14
IR 2 6 16
DC 8 1 2 4 5 11 12 13 18
DC 3 2 3 8
DR 5 4 6 8 11 17
IR 4 1 9 10 13
EX 19 7 15 2
EX 8 6 6 3
EX 12 7 1 5
EX 1 1 11 6
IC 9 1 2 3 4 5 6 7 8 9
DC 6 2 3 4 5 7 10
EX 16 1 5 8
IC 5 1 2 4 9 10
IC 4 3 11 12 16
IR 4 2 3 4 19
DR 7 3 4 10 11 15 17 23
IC 4 2 4 8 17
DC 4 5 7 16 20
20
7 12
8 12
18 4
7 19
6 19
6 2
18 8
5 12
16 8
5 15
4 2
13 3
5 8
20 12
3 16
17 3
17 13
11 16
7 11
13 10

20 20
20
IR 9 1 3 4 8 13 17 18 19 21
DC 3 5 15 19
IR 1 5
EX 13 10 23 8
DR 8 2 11 12 15 18 21 28 29
IR 7 6 7 9 13 14 18 19
EX 28 1 15 5
IR 7 4 8 10 13 14 16 19
EX 32 7 32 3
EX 17 11 13 14
EX 22 11 35 11
DR 8 5 6 19 24 25 29 30 34
IR 8 2 7 9 10 11 15 20 26
DR 2 2 6
DR 7 5 20 29 30 31 32 34
EX 7 7 27 1
IC 1 14
IC 4 4 7 11 16
DC 9 1 2 6 8 11 14 19 20 22
EX 12 5 26 3
20
5 3
18 17
4 14
4 6
7 5
17 8
3 3
18 4
9 5
1 17
3 11
2 18
10 4
6 12
18 7
14 12
18 18
11 17
18 3
11 1

20 20
20
EX 7 10 16 18
IC 8 3 5 6 10 12 15 16 21
IR 4 3 13 15 17
DR 5 7 8 10 13 17
DR 3 1 2 7
DC 1 21
IR 5 1 3 10 14 16
IC 7 8 14 19 24 26 27 28
DC 5 1 4 21 30 33
IC 5 3 16 20 24 30
DC 7 5 7 18 19 21 29 34
IR 6 9 10 13 15 16 20
EX 27 21 1 25
IC 7 1 2 6 9 14 19 20
DR 9 5 7 11 12 13 14 17 21 23
DC 5 24 25 27 32 33
IR 2 5 13
DR 4 3 4 10 13
IC 7 2 7 8 11 12 28 29
EX 4 26 1 36
20
15 7
2 19
19 8
12 5
16 19
17 1
12 11
13 3
5 10
6 12
1 20
17 16
18 4
12 20
7 6
4 8
13 12
9 19
18 18
14 12

20 20
20
IR 2 8 19
IC 3 2 9 13
IC 9 2 8 9 11 14 16 20 21 22
EX 15 3 22 22
EX 16 26 16 9
DR 7 1 7 9 10 14 16 17
EX 1 26 11 8
IR 3 1 9 13
DR 1 17
IR 7 3 5 7 13 15 17 18
EX 14 15 7 13
EX 10 15 21 12
DC 1 7
DC 2 17 29
IC 9 1 4 8 15 16 20 21 25 26
EX 22 23 21 19
DR 8 4 5 6 7 8 9 12 17
DC 1 14
IR 7 1 2 5 9 10 16 17
DC 8 8 11 12 13 17 20 25 29
20
8 18
17 17
9 14
19 15
14 13
15 8
9 9
9 13
16 6
7 4
9 11
5 5
4 15
20 11
8 15
7 17
3 17
8 19
19 18
6 19

20 20
20
DR 2 1 6
DC 1 7
DR 1 12
IC 7 2 4 5 7 8 11 18
DC 9 6 8 11 13 16 17 23 24 25
IR 7 2 5 11 14 15 16 17
DC 8 2 4 5 8 9 10 12 17
DC 3 2 7 9
IC 6 1 2 3 4 5 6
DC 7 1 4 5 6 9 11 12
DR 2 11 19
DC 1 1
DC 1 2
IR 7 2 3 5 6 10 16 17
DR 3 6 17 20
DR 3 4 8 21
IR 9 4 5 7 10 17 18 21 22 23
EX 4 3 9 2
EX 20 2 3 2
IC 1 1
20
6 5
5 4
20 15
12 9
9 18
14 6
11 15
2 17
20 9
13 3
8 15
12 6
3 12
8 18
17 4
17 8
1 3
5 5
17 6
12 20

20 20
20
DC 7 2 4 7 12 16 17 19
EX 3 6 20 8
DC 7 2 4 5 10 11 12 13
EX 7 2 12 1
DR 8 2 9 10 11 14 15 16 20
IC 6 1 2 3 5 6 7
EX 1 11 6 9
DC 6 2 7 8 10 11 12
EX 7 1 10 3
EX 2 3 3 6
IR 3 1 2 5
DC 5 1 2 3 4 6
IC 1 2
IR 7 1 2 3 5 10 12 14
IC 1 1
IR 8 2 5 6 9 13 14 21 22
DR 2 5 23
IC 4 1 2 3 4
DR 2 9 14
IR 9 3 7 8 10 11 12 15 17 20
20
20 6
2 4
6 4
8 3
14 9
10 15
19 15
5 12
11 4
8 8
13 4
3 9
11 20
1 2
15 11
9 12
16 19
13 3
5 11
11 14

20 20
20
EX 20 17 16 5
DC 3 5 8 13
IR 2 1 21
DC 6 2 3 4 7 10 11
DC 2 1 8
IR 9 2 10 11 12 15 16 17 20 21
DR 2 15 22
IR 3 10 20 21
DR 3 14 15 29
IR 7 5 6 9 19 20 24 27
IC 2 6 9
DR 5 8 13 21 26 35
IC 2 3 11
DR 9 2 7 9 14 16 20 25 28 30
EX 7 5 21 6
EX 9 8 5 2
IR 3 8 10 22
IC 9 1 3 5 6 7 8 9 11 12
IC 1 19
IC 9 1 2 3 4 6 8 14 19 22
20
15 14
17 11
3 20
13 17
5 7
13 18
20 20
14 8
6 17
16 18
7 9
18 16
14 20
1 5
8 19
17 1
8 3
14 4
20 9
13 5

20 20
20
IC 9 3 8 10 12 13 15 16 17 21
IR 5 2 3 15 17 19
DC 9 3 4 5 8 12 14 16 19 24
DC 4 5 15 16 18
DR 2 9 22
DC 3 4 5 8
IC 3 3 6 10
IR 9 1 2 4 5 8 9 11 12 18
DR 6 3 6 7 16 26 28
IC 5 1 3 5 15 17
IR 8 4 5 9 15 16 22 23 25
IC 7 1 2 12 14 15 18 19
DR 2 3 13
IC 4 6 16 22 26
DR 6 4 5 21 26 28 29
DC 1 20
DR 6 9 16 18 20 24 25
EX 20 21 11 22
DC 1 28
DC 2 12 24
20
12 2
18 9
4 10
10 12
5 15
8 17
17 20
13 13
12 14
14 7
20 3
11 13
18 3
8 4
16 13
3 5
2 10
13 1
5 13
15 19

20 20
20
DR 1 9
EX 17 14 12 13
DR 4 7 12 13 19
DR 1 1
EX 1 12 3 17
IC 4 2 5 11 12
IC 3 2 12 13
EX 7 9 9 20
DR 9 2 3 4 5 6 7 11 12 14
IR 1 5
IC 4 12 16 20 27
DR 1 4
IR 3 1 3 6
DC 1 3
EX 3 22 8 9
DC 3 11 14 27
DR 7 2 3 4 5 6 7 8
IR 1 1
IC 2 5 7
IR 1 1
20
11 16
7 8
10 11
16 10
17 4
12 14
7 9
15 6
19 3
17 9
12 2
20 3
16 8
1 20
16 17
17 14
7 5
5 2
12 7
14 4

20 20
20
IC 9 1 4 5 9 10 12 14 16 17
EX 13 1 14 12
EX 4 15 11 20
IR 9 1 2 3 4 11 13 19 20 21
DC 2 22 24
IR 6 6 8 10 22 25 29
EX 19 18 18 16
IC 3 4 15 19
EX 25 19 33 28
DC 8 3 7 16 17 18 19 20 25
DR 5 4 8 9 10 18
DR 1 22
EX 21 4 18 5
DC 1 19
IC 9 2 4 6 11 12 14 15 16 17
DC 7 2 8 10 11 16 21 28
IC 5 2 4 15 16 20
EX 1 14 25 9
DC 3 3 18 22
DC 8 3 4 5 10 11 15 22 24
20
8 20
4 6
17 2
9 14
11 4
11 14
3 14
10 8
14 13
18 6
6 10
12 1
3 7
5 15
10 20
5 16
3 9
2 14
13 13
14 19

20 20
20
IC 3 1 8 10
IR 3 1 10 21
IR 2 13 24
EX 12 11 6 17
IC 6 1 5 8 9 19 24
IC 8 1 3 10 12 13 24 25 30
EX 1 24 18 11
IR 4 1 6 11 23
IR 8 2 5 10 11 12 14 22 26
DR 6 7 10 11 14 25 29
DC 9 8 10 11 13 14 18 33 36 37
IC 5 1 8 9 10 23
DC 8 1 7 9 11 12 18 24 32
EX 25 19 23 13
DC 7 2 7 10 17 19 20 24
EX 2 4 25 18
IC 9 2 3 6 9 12 13 14 18 19
IC 7 4 10 14 15 18 22 26
EX 25 21 21 10
DR 4 7 11 21 25
20
6 16
2 1
7 18
18 20
18 2
14 5
9 20
18 19
13 5
7 1
9 12
13 12
8 12
11 3
8 2
1 8
3 13
11 13
9 8
16 1

20 20
20
IC 9 3 5 6 7 9 16 17 18 20
IC 7 8 16 17 18 23 24 29
IR 9 2 5 6 11 14 15 18 19 20
EX 12 31 2 20
DR 2 11 19
EX 8 5 10 7
EX 27 20 12 14
EX 21 26 12 18
EX 8 24 6 21
DR 4 9 15 25 26
IR 2 4 10
EX 20 6 24 2
DC 9 7 14 18 22 23 31 32 34 36
IC 2 2 9
EX 2 13 18 28
DC 3 8 21 24
DC 6 4 6 7 13 16 25
DR 7 2 5 10 14 19 21 22
EX 9 19 17 14
EX 8 19 11 5
20
9 16
9 5
8 7
3 4
7 9
6 2
16 14
9 4
10 3
16 5
3 5
1 16
7 16
14 7
3 9
16 6
15 10
14 19
6 11
6 8

20 20
20
DC 9 2 3 8 9 12 14 15 16 19
DR 7 2 7 8 12 13 17 20
DR 9 3 4 5 6 7 8 9 11 13
DR 1 3
EX 2 11 1 10
IR 3 2 3 4
DC 6 2 5 6 8 9 11
DC 3 1 2 4
EX 5 2 2 1
EX 2 1 2 2
DR 2 1 5
IC 2 1 2
DR 2 1 2
IR 3 1 2 3
DR 1 3
DC 1 1
IR 5 1 2 3 4 5
IC 2 1 2
IR 2 8 9
DR 5 1 5 7 8 10
20
15 11
8 18
18 7
16 6
4 19
15 15
17 18
20 18
17 14
2 18
10 17
1 16
15 10
13 19
13 3
16 9
13 6
4 1
19 17
6 12

20 20
20
DR 8 1 5 7 8 9 14 15 16
IR 6 2 3 6 7 10 13
DR 1 17
DC 1 16
IC 4 2 12 15 20
EX 7 13 4 6
DC 7 1 5 6 9 15 21 23
IR 5 3 4 11 16 18
IR 5 5 7 15 20 21
DC 2 2 13
IC 9 1 2 5 6 7 8 9 10 15
DC 4 2 8 17 23
EX 18 5 22 5
DR 3 16 20 21
DC 3 5 11 14
IC 5 1 4 6 13 15
DR 8 3 6 9 13 18 19 21 24
IR 3 3 9 17
IR 7 2 3 4 5 9 14 15
EX 20 2 8 16
20
4 19
2 14
13 19
5 19
12 1
8 19
8 12
9 3
6 16
10 14
15 5
19 19
6 15
5 3
12 15
12 6
19 2
12 16
6 11
11 11

20 20
20
IC 6 2 7 9 13 14 19
DR 9 1 3 7 8 9 10 16 17 19
DC 9 1 3 4 6 8 16 17 20 26
IR 5 4 9 10 11 12
DC 3 4 6 9
DR 9 1 2 7 8 9 10 12 14 15
DR 1 5
IR 1 2
DC 8 2 4 6 8 9 10 11 13
EX 7 1 3 6
DC 1 1
DR 4 1 4 6 7
IR 1 4
DR 1 4
IR 4 1 2 3 4
EX 5 2 7 3
EX 3 3 3 1
EX 3 2 3 3
DR 3 1 3 5
EX 1 2 1 3
20
19 4
7 5
16 16
14 8
8 4
15 15
2 16
20 20
6 15
16 18
3 3
3 5
9 13
7 18
19 12
20 6
14 4
9 20
2 17
8 9

20 20
20
DR 6 1 6 7 15 19 20
DC 1 3
IR 8 1 2 3 6 7 9 13 14
IR 1 8
IC 4 2 8 12 19
IR 9 6 7 9 10 16 17 19 23 24
IC 3 1 7 15
DR 3 4 7 25
IC 6 7 10 11 17 18 27
EX 26 3 14 22
EX 15 22 23 17
IR 5 10 11 22 27 30
DR 9 8 9 14 17 20 21 25 29 33
DC 6 4 7 21 22 30 31
IR 2 20 25
EX 22 3 6 10
DR 5 2 6 8 12 16
IC 1 14
DC 3 10 15 19
IC 3 8 13 24
20
14 20
1 13
4 16
14 8
5 17
5 3
11 7
15 5
14 19
18 16
1 9
1 8
19 1
4 6
17 6
14 4
13 5
8 10
1 10
19 14

20 20
20
IC 7 2 6 9 12 13 14 16
IC 1 28
DR 7 4 6 11 13 15 19 20
IC 5 1 5 9 20 24
DC 2 4 29
DC 3 8 9 26
DR 5 2 4 8 9 12
IR 6 3 4 5 6 8 9
EX 12 26 14 4
IR 4 4 6 7 10
IC 3 7 16 29
DR 4 8 9 11 16
DR 9 1 3 7 8 9 10 11 12 13
IR 2 1 5
IR 6 1 2 3 5 6 7
DC 6 1 7 14 19 24 26
DC 1 14
EX 9 13 7 8
EX 7 4 9 10
IR 8 2 3 5 7 9 11 12 13
20
14 12
18 18
15 2
4 9
8 14
12 8
8 19
12 9
15 9
14 7
1 10
5 6
12 7
17 13
3 16
5 19
17 18
19 4
12 20
20 8

20 20
20
IR 7 2 4 7 9 15 19 20
DR 9 4 5 6 10 11 12 15 24 25
DC 9 1 4 8 10 11 13 15 17 18
EX 12 10 10 9
DC 5 1 3 4 7 11
DR 5 2 3 4 5 13
EX 2 1 2 5
EX 11 3 9 5
DR 8 1 3 4 5 6 7 9 12
IR 6 1 2 3 4 5 6
DR 3 1 7 9
EX 5 3 4 5
EX 5 2 8 3
IC 4 1 2 6 7
IC 4 2 3 6 10
DC 6 3 4 5 9 12 14
IR 8 1 2 3 4 5 6 8 9
DR 5 6 7 8 11 16
IC 3 1 2 9
DR 6 1 2 4 5 7 10
20
3 18
3 7
4 11
1 11
12 5
7 12
14 7
5 10
2 13
16 9
14 9
12 16
10 6
8 6
19 17
15 12
7 15
12 15
15 1
17 2

20 20
20
EX 20 13 16 7
IR 5 5 11 15 20 21
DC 5 3 4 12 16 18
IR 5 3 5 6 21 23
DR 8 1 2 8 15 17 20 21 22
DR 5 5 6 7 9 16
IR 1 1
EX 7 2 2 11
DC 2 8 11
DC 2 4 10
IC 1 10
DC 2 9 12
IC 5 2 5 7 8 11
IC 1 1
IC 1 6
IR 1 15
DC 6 2 5 11 12 14 17
IR 2 3 15
DR 1 16
DC 9 1 2 3 5 6 7 8 10 11
20
7 11
6 3
4 20
8 6
20 16
1 8
13 17
6 18
11 11
11 7
7 17
4 16
12 15
7 5
2 17
7 13
17 13
11 5
18 18
9 19

20 20
20
DC 2 12 14
IC 4 7 11 13 19
DC 8 4 6 8 10 14 18 19 22
DR 7 1 2 6 8 9 16 19
DC 1 14
DR 6 1 2 4 6 9 11
IR 7 1 2 4 5 6 7 8
IR 3 4 10 12
DR 9 4 5 7 9 10 13 14 15 17
IC 3 1 3 13
IR 2 4 6
IC 1 8
IR 7 1 2 4 8 9 10 11
EX 13 14 1 1
EX 4 2 16 1
DC 4 3 10 11 12
DR 9 1 3 5 7 12 14 15 16 17
EX 5 12 1 6
DC 9 2 3 4 5 6 7 9 11 13
DR 2 5 8
20
15 14
5 1
15 2
8 19
4 13
14 7
7 2
10 14
17 7
18 14
15 12
16 14
9 12
15 6
16 17
3 15
4 18
3 13
5 4
18 16

20 20
20
EX 1 3 10 9
IR 8 4 5 8 10 13 15 18 21
DC 2 5 14
DC 9 1 2 4 5 6 7 8 10 17
IC 2 1 9
DR 1 16
IC 1 2
EX 11 6 13 6
DR 7 7 12 18 21 23 24 27
IC 3 6 10 11
DC 8 2 3 4 6 8 12 13 15
DC 2 2 6
DR 3 5 15 20
IC 2 1 3
IC 8 1 2 3 4 5 6 7 8
IC 2 13 14
EX 12 11 13 15
IR 2 4 16
DC 4 4 6 7 12
DC 1 3
20
8 7
8 8
7 3
5 10
19 6
10 12
18 1
3 18
13 8
20 10
20 20
16 5
16 7
2 17
12 1
3 19
1 6
11 3
7 8
11 9

20 20
20
IC 6 2 5 6 8 10 15
DC 3 7 13 24
IR 1 8
EX 13 9 14 22
IR 4 2 4 8 9
DR 7 2 3 4 11 16 18 20
IC 7 4 7 9 11 12 19 23
DR 6 4 5 10 12 14 17
IR 3 4 5 10
IR 4 2 8 11 14
IR 4 4 12 14 17
IR 2 6 19
EX 20 14 11 28
EX 17 24 4 9
DR 4 9 12 15 16
DR 6 1 2 8 16 17 19
DC 9 2 6 7 11 13 18 21 28 30
DC 6 4 5 6 12 13 21
DR 4 3 4 10 13
IR 8 1 3 4 5 7 8 9 12
20
15 4
18 13
14 5
19 20
9 5
16 3
19 17
8 3
10 4
14 15
20 3
15 6
18 19
5 16
8 4
4 10
3 15
8 1
1 17
5 10

20 20
20
DR 6 2 4 11 13 16 18
DR 7 4 5 6 8 9 10 13
DR 2 4 6
DR 1 2
DR 2 1 3
IR 1 2
DC 7 3 6 9 11 12 14 18
IC 3 5 7 13
EX 2 15 1 4
IC 6 1 10 12 13 16 17
IC 3 7 9 19
IR 4 1 2 3 4
EX 3 17 5 14
DC 6 1 2 5 8 16 18
IR 4 3 5 7 8
DR 2 10 11
DC 3 1 4 10
DR 4 2 3 7 8
DC 8 1 3 5 6 9 10 13 14
EX 1 2 4 6
20
12 8
13 8
15 2
18 12
1 20
12 3
14 11
7 17
14 2
7 1
5 3
4 4
19 7
16 12
7 13
6 5
10 11
7 11
18 5
8 13

20 20
20
EX 3 8 15 9
DR 3 3 12 19
IC 3 9 14 17
IC 8 1 5 7 11 12 21 22 23
EX 1 1 14 19
DC 2 2 22
EX 6 26 12 7
IR 7 3 6 7 9 13 17 18
DR 9 1 3 4 12 13 15 18 21 22
IC 9 4 10 11 13 16 21 25 27 29
IR 9 2 4 5 6 7 9 10 12 13
IR 4 3 4 12 15
DC 5 1 6 8 32 38
IR 6 1 4 18 20 23 28
DR 2 26 27
EX 29 12 23 9
DR 1 3
DC 3 16 29 33
DC 4 8 14 16 23
EX 12 3 26 2
20
18 6
14 4
17 19
3 8
10 11
8 6
18 20
16 5
14 7
1 7
10 14
20 5
1 18
5 10
13 5
13 13
4 16
8 4
15 1
5 15

20 20
20
EX 10 7 2 3
IR 4 3 13 19 21
DR 3 5 14 15
EX 5 2 4 16
IR 7 1 3 6 8 10 11 18
EX 5 5 11 7
EX 28 16 27 3
DC 8 9 10 11 12 13 16 18 19
IR 3 3 12 15
DR 6 3 10 13 18 24 25
IC 8 2 4 5 6 7 8 11 13
IC 3 8 14 15
IR 9 1 3 4 9 12 16 17 18 19
EX 12 19 9 11
IC 9 1 2 7 15 16 18 20 21 23
DC 8 3 9 10 11 14 23 24 26
DC 9 2 6 9 10 12 14 15 17 19
EX 8 6 24 14
EX 34 12 4 9
DR 7 8 11 12 15 18 19 24
20
4 11
5 11
14 7
8 12
7 6
7 16
2 5
10 10
2 13
12 16
13 7
10 1
18 9
17 3
6 2
5 14
3 11
11 7
6 6
13 13

20 20
20
IR 1 2
DC 7 4 7 12 15 17 19 20
IR 2 3 7
DC 3 5 8 10
DR 4 2 5 17 23
EX 13 3 11 9
IC 6 1 2 4 7 10 11
DC 8 1 5 6 7 9 10 14 15
EX 15 6 3 7
IR 3 6 8 16
IR 9 2 4 6 9 16 20 21 22 23
DR 4 4 9 18 29
DR 4 7 18 21 22
DR 4 1 5 21 22
DR 2 1 6
IR 8 2 3 4 5 6 8 9 11
DC 1 6
EX 6 7 4 7
DC 4 1 3 4 5
IC 4 1 2 3 4
20
1 15
15 1
7 16
14 3
13 17
18 17
16 8
5 18
17 6
16 14
20 10
9 6
10 2
17 18
3 13
6 16
7 9
19 5
8 5
1 17

20 20
20
DC 5 4 6 10 11 16
IC 1 2
IC 7 2 4 6 10 13 14 17
IR 3 9 11 16
DR 7 2 4 7 10 13 16 22
DC 3 12 16 22
EX 12 16 12 15
IC 2 2 11
EX 6 17 15 14
EX 3 5 6 2
DR 5 1 6 7 12 15
DC 1 19
IR 6 1 3 6 7 8 12
DC 7 4 5 9 16 19 20 21
DR 1 15
DC 7 1 3 5 8 10 11 12
DC 6 1 2 4 5 6 7
IC 2 1 2
DR 5 3 4 6 11 15
IC 3 1 3 4
20
8 3
5 10
11 8
3 3
11 2
7 11
10 15
18 9
6 6
19 1
5 11
9 5
18 6
16 10
7 15
5 2
4 3
20 3
10 8
15 17

20 20
20
DC 2 7 11
DR 6 1 5 6 9 10 16
IR 5 9 10 11 12 15
DR 6 2 6 9 10 11 12
DC 7 2 4 8 10 11 16 17
IC 7 1 2 4 5 6 9 11
EX 11 5 10 6
EX 2 18 6 16
DC 5 1 8 9 11 15
IC 2 1 5
IC 6 1 2 7 9 11 16
DR 9 1 2 5 7 8 10 11 12 13
IR 3 1 3 5
IR 8 1 2 3 4 5 6 7 8
EX 12 9 4 21
EX 9 3 6 8
DR 1 13
DC 1 12
EX 3 2 7 8
IR 6 2 3 6 8 9 13
20
19 6
20 13
18 14
14 2
10 9
6 19
11 16
10 11
9 14
10 15
8 6
12 9
7 3
14 1
16 8
1 3
2 1
7 14
1 2
3 19

20 20
20
IR 8 2 7 10 11 12 15 16 17
DC 1 11
EX 9 3 26 14
DR 2 1 12
DC 8 3 5 6 7 14 15 17 18
DR 2 5 6
DR 3 1 8 19
DR 1 18
IR 7 1 5 9 10 16 19 21
DR 7 5 6 11 13 14 16 24
EX 5 9 7 2
IR 7 4 5 6 7 9 12 14
IC 3 2 5 7
IR 3 6 18 21
EX 18 8 5 9
DR 6 3 11 13 14 16 28
IC 4 3 8 9 15
DC 9 5 8 9 10 11 13 16 17 18
DC 4 3 4 7 8
EX 23 4 7 3
20
14 7
6 6
19 7
16 3
4 15
4 17
18 10
19 16
17 12
17 7
8 8
7 19
13 3
5 4
7 12
2 11
8 19
13 9
6 18
3 14

20 20
20
DC 4 1 12 16 20
IR 6 1 3 11 12 19 20
DR 7 6 10 11 17 19 23 24
EX 7 8 7 16
DC 8 1 2 3 7 9 13 14 16
DC 2 1 7
IR 9 1 5 7 13 14 17 18 19 20
DC 4 2 3 4 5
IC 3 1 2 3
DR 2 2 21
IC 6 1 2 3 4 5 6
IC 4 2 5 9 12
DR 8 7 8 10 12 14 15 18 23
DR 9 1 3 4 5 6 9 10 11 12
DC 3 1 10 11
DR 8 1 2 3 4 6 7 8 9
IC 1 9
IR 1 1
IR 1 1
DC 4 1 4 6 9
20
7 3
11 8
12 20
9 17
14 3
12 16
10 19
14 6
7 18
11 17
14 18
1 7
3 4
1 3
6 8
5 7
14 7
9 10
14 13
5 17

20 20
20
DR 6 2 3 8 11 14 18
IR 6 1 2 3 7 11 13
DR 7 2 6 13 16 17 18 20
IC 1 11
IC 7 3 6 12 14 15 18 22
DC 6 4 11 21 25 27 28
IR 8 1 2 4 5 10 11 13 14
DC 9 1 2 3 6 11 13 14 19 22
DR 9 1 3 4 7 10 11 15 18 19
IC 5 2 3 5 6 9
DC 8 2 5 8 9 12 15 16 18
EX 8 9 5 5
EX 1 8 5 7
IC 7 2 3 4 8 9 10 11
IR 6 3 4 7 8 9 12
DC 3 4 6 8
DC 8 2 5 6 7 10 11 12 14
DC 2 1 5
DC 3 2 3 4
IC 1 2
20
1 3
5 6
8 16
8 8
9 1
3 3
13 18
20 18
5 17
6 20
20 4
10 20
2 9
1 10
13 10
2 5
11 6
4 19
13 20
2 13

0 0
